0.0,0.0,0.9496712684631348
0.39976155484910125,0.0,1.1520493030548096
0.3966157281305641,0.0,1.2516202926635742
0.28867264837026596,0.0,1.3513505458831787
0.30083543498647736,0.0,1.4514946937561035
0.3014059577731182,0.0,1.5516324043273926
0.30003498095613146,0.0,1.6518118381500244
0.3016024310113795,0.0,1.751859426498413
0.30062522129760594,0.0,1.8519959449768066
0.30129255065434013,0.0,1.9519095420837402
0.30124171996230165,0.0,2.051518440246582
0.30121400072072435,0.0,2.151533603668213
0.3004175121129746,0.0,2.2514560222625732
0.3013507688476629,0.0,2.3514821529388428
0.3000655777104245,0.0,2.4518375396728516
0.30009408723078723,0.0,2.551370859146118
0.300018897645582,0.0,2.651326894760132
0.3005919828292396,0.0,2.7513391971588135
0.3000024583441656,0.0,2.851378917694092
0.3001101899984545,0.0,2.951507329940796
0.3000634930198688,0.0,3.0515336990356445
0.30042333728355197,0.0,3.151735782623291
0.3010992043156143,0.0,3.2514796257019043
0.301618686983249,0.0,3.351388692855835
0.301589947665437,0.0,3.451627492904663
0.301596892602799,0.0,3.5514774322509766
0.3007565711881045,0.0,3.651432991027832
0.3011970795151736,0.0,3.7514238357543945
0.30115467183994304,0.0,3.8514864444732666
0.30110513123635596,0.0,3.951700210571289
0.3012768598169556,0.0,4.051447868347168
0.3006368338825831,0.0,4.151401996612549
0.3011779406951831,0.0,4.251444101333618
0.3011114976794118,0.0,4.351495742797852
0.30105995719172973,0.0,4.451612710952759
0.300050998340218,0.0,4.551477909088135
0.30096577769550237,0.0,4.651473522186279
0.30095191672998955,0.0,4.7514808177948
0.3009513688772557,0.0,4.85146427154541
0.3010600457157313,0.0,4.951431512832642
0.300356830958308,0.0,5.051525115966797
0.30137660689430346,0.0,5.151504755020142
0.3007429682220003,0.0,5.251506090164185
0.3006611804032441,0.0,5.3514885902404785
0.301523825286828,0.0,5.451720952987671
0.30084811494783126,0.0,5.551570415496826
0.3008130383391996,0.0,5.651535272598267
0.3007343883083693,0.0,5.751504898071289
0.30093900267559937,0.0,5.851494312286377
0.30019565292352823,0.0,5.951883792877197
0.30068155548365505,0.0,6.051660060882568
0.30069529608150847,0.0,6.151576280593872
0.3007079899688362,0.0,6.251569986343384
0.3013554046525708,0.0,6.351542234420776
0.30067607042000477,0.005428765915138155,6.451787233352661
0.30065242152097005,0.010739234872897595,6.551655292510986
0.301254910113372,0.0,6.651531934738159
0.30123809544993585,0.0,6.751568794250488
0.3006431466401066,0.0,6.851565837860107
0.3011884030978349,0.0,6.951802492141724
0.3011503855398725,0.0,7.051624536514282
0.3011275363132546,0.0,7.151535511016846
0.3002437850567905,0.0,7.251600503921509
0.30091882689109495,0.0,7.351649284362793
0.30107466914245207,0.0,7.451797008514404
0.3010496701956692,0.0,7.55165696144104
0.30130910593404825,0.0,7.651549816131592
0.3006129398067672,0.0,7.751588821411133
0.3009768717956325,0.014049323290390405,7.851562023162842
0.3008796714993479,0.015654258880960305,7.951854467391968
0.3009728037352094,0.004357914891290025,8.051643133163452
0.30049712420819585,0.0,8.151583433151245
0.3014430492679748,-0.016329034741379724,8.25162386894226
0.30139229342467666,-0.021509767088450878,8.351616621017456
0.3013581302798978,-0.019895357560170312,8.451744079589844
0.30009757125712544,-0.021079337675320456,8.551677942276001
0.300702616822798,-0.018969889279258884,8.652327537536621
0.30121855526341157,0.0,8.751659870147705
0.3012033900947363,0.0,8.851635217666626
0.30118727592427097,0.0,8.951770067214966
0.3003846528083356,0.0,9.051710605621338
0.30112462345621893,0.0,9.151773929595947
0.30105682582830473,0.0,9.251681089401245
0.30111086720758096,0.0,9.351651906967163
0.30154552553566116,0.0,9.451805830001831
0.30085577543904185,0.0,9.55166506767273
0.30141059882800825,0.0,9.651641607284546
0.3013548877622464,0.0,9.751704692840576
0.301410437523014,0.0,9.851753234863281
0.298728540788898,0.0,9.951830387115479
0.29293227532286825,0.0,10.051797866821289
0.28794008395916193,0.0,10.151719331741333
0.2829630230650554,0.0,10.251643419265747
0.27852058961455217,0.0,10.351653814315796
0.27457467802458446,0.0,10.451853275299072
0.26826251589713124,0.0,10.551640748977661
0.263599681828136,0.0,10.651631355285645
0.2590491038436785,0.0,10.751625061035156
0.25532342851804946,0.0,10.851584196090698
0.399866086576115,0.0,10.951860666275024
0.3915694027837002,0.0,11.051662683486938
0.382600397699284,0.0,11.151621103286743
0.37322329307841606,0.0,11.251631021499634
0.3647461879145628,0.0,11.351579904556274
0.35120961437847864,0.0,11.451679944992065
0.3405320166093963,0.0,11.551538467407227
0.33007392975228167,0.0,11.651534080505371
0.32154749740194005,0.0,11.751562595367432
0.30846926959587795,0.0,11.851550102233887
0.2978380595861817,0.0,11.9516019821167
0.2874007695450093,0.0,12.051441431045532
0.2780945395334331,0.0,12.151386260986328
0.2667669795918958,0.0,12.25134563446045
0.2568528371201668,0.0,12.351453304290771
0.24851744631235614,0.0,12.451528549194336
0.24008366924002378,0.0,12.551316738128662
0.23236037181925517,0.0,12.651335000991821
0.22205171093375242,0.0,12.751256704330444
0.2137718166060657,0.0,12.851315975189209
0.2057476923780014,0.0,12.951637506484985
0.1991206319467825,0.0,13.051307201385498
0.19058513874993976,0.0,13.151315450668335
0.18338486102459808,0.0,13.25134563446045
0.1763111198874943,0.0,13.351340293884277
0.17008606971696524,0.0,13.451305627822876
0.16518966847646013,0.0,13.551254987716675
0.15775747961763972,0.0,13.651258707046509
0.15179177295683374,0.0,13.751305341720581
0.14599236989075376,0.0,13.851215600967407
0.14114673992407206,0.0,13.951223373413086
0.13521968366485573,0.0,14.051121473312378
0.13016325878045756,0.0,14.151207447052002
0.11263739380774287,0.0,14.251205444335938
0.11043255407688068,0.0,14.351207494735718
0.1101011127580987,0.0,14.45123028755188
0.1075695360969271,0.0,14.55125093460083
0.1,0.0,14.651091575622559
0.1,0.0,14.751168251037598
0.1,0.0,14.851132154464722
0.1,0.0,14.951266527175903
0.1,0.0,15.051159381866455
0.1,0.0,15.151157855987549
0.1,0.0,15.251137733459473
0.1,0.0,15.351186275482178
0.1,0.0,15.451229810714722
0.1,0.0,15.551081418991089
0.1,0.0,15.651037454605103
0.1,0.0,15.751154661178589
0.1,0.0,15.851150751113892
0.1,0.0,15.951345682144165
0.0,0.0,16.050041437149048
0.0,0.0,16.149949550628662
0.0,0.0,16.243020057678223
0.27381740510463715,0.05083493173955694,16.345043420791626
0.2664423380047083,0.042177341486278344,16.444979190826416
0.29448918625712395,0.04828273555950113,16.545085668563843
0.3001432695994848,0.03267647184823687,16.645148754119873
0.3011981964978504,0.03038346716447877,16.74510669708252
0.30103182195480316,0.023395853568064513,16.845173120498657
0.3014940541190452,0.0267002791950577,16.945026636123657
0.3004712126262158,0.021599478509865287,17.04505491256714
0.3012501817883786,0.022568883825289553,17.145022869110107
0.3000592724726784,0.024305362734747545,17.244997024536133
0.30007932069814136,0.03243662432988028,17.34510636329651
0.30102988622574556,0.02432314447666468,17.445035219192505
0.3002634881898413,0.017518696389896306,17.545061349868774
0.30094001690158156,0.0058219437634474324,17.645036220550537
0.3009492809291292,0.019518413129997882,17.745078802108765
0.3009700409368443,0.02053851120566066,17.844940185546875
0.30137913743692746,0.012221952100088331,17.944977045059204
0.30065892082153156,0.0020130122570614847,18.04502820968628
0.30095662431413805,0.0,18.145007848739624
0.3010051128682465,0.0,18.24500036239624
0.3011355004924875,0.0,18.34503698348999
0.30039820853373167,0.0,18.44507122039795
0.3008913944508069,0.0,18.544981718063354
0.300827570184792,0.0,18.64499545097351
0.30081487587509237,0.0,18.74500608444214
0.3014659910214118,0.0,18.845111846923828
0.3000074593195511,0.0,18.945003747940063
0.3016618160790042,0.0,19.04508137702942
0.30165114485600175,0.0,19.145030975341797
0.3003411462683282,0.0,19.24505043029785
0.300997443546726,0.0,19.34510087966919
0.30157926743630326,0.0,19.444942951202393
0.3004515082744421,0.0,19.545034885406494
0.3015993737105387,0.0,19.64511251449585
0.300729545550258,0.0,19.7451331615448
0.3013912982528003,0.0,19.845154523849487
0.3003256476643287,0.0,19.94508171081543
0.3015215624232179,0.0,20.045051336288452
0.30008376994386154,0.0,20.14507746696472
0.30107169374090026,0.0,20.244982957839966
0.30037540882183644,-0.009497194070565061,20.34499979019165
0.30144807435779275,-0.007900817829527361,20.445043802261353
0.30092294601860725,-0.012538124326812587,20.545113801956177
0.30155094326078113,-0.01754633757824961,20.645135164260864
0.30087002582242495,-0.006680591541685564,20.745118856430054
0.301453108045898,-0.016093448255407174,20.845109224319458
0.3013998574368596,-0.010565871976876608,20.945005893707275
0.3012176173916816,-0.015521289795441064,21.045090198516846
0.300230045487462,-0.018731111209643516,21.145113229751587
0.2995986247373771,-0.016643099937784036,21.245092391967773
0.2940568402747188,0.0,21.345102310180664
0.28903277651422576,-0.012026980970250924,21.445021152496338
0.2848526002267432,0.0,21.545093059539795
0.28049402737287943,0.0,21.64511489868164
0.27420554177783674,0.0,21.745084047317505
0.2705076826856989,-0.02083146433885159,21.844945669174194
0.4315467717528919,0.0,21.94501042366028
0.4241114315648791,0.0,22.045017957687378
0.41212468299336275,0.0,22.145030736923218
0.40276047962742123,0.0,22.245012760162354
0.39209263765743474,0.0,22.34496808052063
0.38183137000678924,0.0,22.44493865966797
0.37324052428204557,0.0,22.545039892196655
0.3599592642925564,0.0,22.645018100738525
0.3483550170899698,0.0,22.745017290115356
0.3389360588671763,0.0,22.84482741355896
0.33034617391579435,0.0,22.944846630096436
0.31659388081964185,0.0,23.044926404953003
0.3072003551034355,0.0,23.144948959350586
0.29419564753528027,0.0,23.244929790496826
0.2857553987354197,0.0,23.34488081932068
0.2775073016235499,0.0,23.44494938850403
0.264317019027003,0.0,23.544797897338867
0.2534906444383335,0.0,23.644859552383423
0.2453780020722878,0.0,23.74480390548706
0.23742335729432495,0.0,23.844757318496704
0.2269938329123289,0.0,23.94479513168335
0.21851213176200976,0.0,24.044775009155273
0.21036072065088915,0.0,24.144734621047974
0.20346354224496857,0.0,24.244629383087158
0.19414103365126723,0.0,24.344719648361206
0.1875803645472485,0.0,24.444674968719482
0.1804865680330785,0.0,24.54492974281311
0.17373444930458784,0.0,24.64461851119995
0.16847823737439468,0.0,24.74453616142273
0.16069823531909516,0.0,24.8446261882782
0.15579037823573114,-0.09254524520794419,24.944590091705322
0.14972157112399892,-0.10941257201331224,25.044601678848267
0.14489928579044786,-0.10211312268909652,25.14468002319336
0.14046858645011293,-0.07689780792907662,25.24448800086975
0.1336692468731599,-0.09527567734843803,25.344578742980957
0.128162374451134,0.0,25.444615364074707
0.12409028368733507,0.0,25.54489278793335
0.12009070448581047,0.0,25.644603729248047
0.11478367290627159,0.0,25.74455428123474
0.11053930800941039,0.0,25.844503164291382
0.10642106869118234,0.0,25.94452452659607
0.10145731310759079,0.0,26.04448628425598
0.1,0.0,26.14440393447876
0.1,0.0,26.244568586349487
0.1,0.0,26.344426155090332
0.1,0.0,26.444517612457275
0.1,0.0,26.544581651687622
0.1,0.0,26.64453959465027
0.1,0.0,26.744466304779053
0.1,0.0,26.844584941864014
0.1,0.0,26.94450330734253
0.1,-0.09670851346301404,27.04455304145813
0.0,0.0,27.143221855163574
0.0,0.0,27.243118047714233
0.0,0.0,27.314661026000977
0.27880813367664814,0.0,27.41677689552307
0.26709201373159885,0.034552772107877223,27.522286653518677
0.28513509407639503,0.0,27.618900299072266
0.3015893609154553,0.034334821437828636,27.71675753593445
0.30008045963513974,0.0,27.817201375961304
0.3012593498324415,0.0,27.917040586471558
0.3011645869157369,0.03734441525057743,28.016744375228882
0.301354141056414,0.03939578733161877,28.118849754333496
0.30029249184563656,0.035246621366394185,28.216886520385742
0.30034534031646243,0.03919990964626009,28.317073345184326
0.30091082203958697,0.02429689608122172,28.417277812957764
0.30035810756583925,0.036445888734765744,28.5271213054657
0.3003501017539212,0.033868604820025586,28.617257833480835
0.30035327714703297,0.02604322556014122,28.71672797203064
0.300735476394523,0.1680926706347811,28.81633472442627
0.30145814183171016,0.17124664479572518,28.916681051254272
0.3016036762867055,0.2126743893482183,29.0167498588562
0.3005907415221297,0.1997486908969126,29.116653442382812
0.3007982310023596,0.21812138024129363,29.216699600219727
0.30026005245940923,0.20667178991593813,29.31696128845215
0.30162960509715375,0.18671905312098952,29.417136669158936
0.30129187253753664,0.15885196124252515,29.517045974731445
0.3001603498253296,0.1956106104348835,29.616953372955322
0.3013384003086914,0.2011432309684,29.716910362243652
0.3000180560812562,0.19694464716472124,29.81678795814514
0.3005855434507525,0.17043379474627343,29.91704249382019
0.3012414447999857,0.17298246700512737,30.016956090927124
0.30018403437782504,0.15938970972048608,30.11689043045044
0.3016023598349581,0.16205660689033957,30.216916799545288
0.30089788670985784,0.15034822900044287,30.316882371902466
0.30135339178418163,0.1381168567036327,30.416829109191895
0.2969337603783836,0.14128213618931013,30.52281403541565
0.29276488899475006,0.13782774809943998,30.61682939529419
0.2891786344513223,0.13791372870144084,30.716995000839233
0.28344049365853874,0.12512709623888912,30.81671929359436
0.27894741252085986,0.1244814885290045,30.916922330856323
0.27456442793315194,0.12259556313878607,31.01698064804077
0.27072475077769464,0.11565036005095426,31.116766691207886
0.26654440724377904,0.10661811060027068,31.216811656951904
0.2621229295227001,0.09249958254789048,31.316722869873047
0.41547550103843883,0.0482553052274804,31.4167537689209
0.40767123677722095,0.044696825076090636,31.522353887557983
0.3977682617415309,0.025666452552142904,31.61667251586914
0.3880897578219914,0.04116694691934088,31.71698236465454
0.3777940243276692,0.04324454588717537,31.816766500473022
0.36727600377168357,0.05058622975882731,31.918296337127686
0.35884452507498843,0.054021686825313046,32.02363705635071
0.3453228700985422,0.05712557268377983,32.120595932006836
0.33579448316998683,0.05397517002726854,32.218875885009766
0.3252336548581081,0.04378213225618788,32.318209648132324
0.3155053964915617,0.05096713696655475,32.41953492164612
0.30709622516022556,0.05480413285917357,32.523613929748535
0.2944575361255376,0.05385073415542902,32.61762619018555
0.2841564815349972,0.04975795051769205,32.716516971588135
0.27405587220100724,0.043127365018192095,32.816497564315796
0.26606986406676575,0.05935690230444857,32.91661858558655
0.2542782529850495,0.04070242076720062,33.02665185928345
0.2448476971836665,0.046842349242222914,33.116543769836426
0.2356759480090467,0.05911957852444367,33.21678638458252
0.22776057531544336,0.042271519530760596,33.31636071205139
0.2183499830567038,0.05027018718813591,33.41620373725891
0.21012815789467043,0.045340435128462926,33.518362283706665
0.20209594570613568,0.04387567796205216,33.616257190704346
0.1948792565722146,0.05001884930227929,33.71611976623535
0.1886999642535634,0.047206023257029654,33.81616449356079
0.1803639399816361,0.04297737173343958,33.91615414619446
0.17351053472420352,0.02831072964166338,34.01606249809265
0.1669554246856564,0.037374740917431655,34.11633014678955
0.16074889946661272,0.00989682921453524,34.216251850128174
0.15393256125604257,0.006574518468819144,34.31915807723999
0.14820452369241502,0.0,34.416215896606445
0.1426732569362181,0.0,34.51627326011658
0.13746436216527366,0.0,34.61625123023987
0.13334901428493337,0.0,34.71630144119263
0.12724395398305413,0.0,34.81622338294983
0.12248744266699266,0.0,34.916168451309204
0.10889778953559139,0.011942986646471056,35.016313552856445
0.11386908756724604,0.0,35.11645197868347
0.10460792675599283,0.011526296744858357,35.21643424034119
0.1,0.004997948664975792,35.316166162490845
0.1,0.0,35.41647911071777
0.1,0.0,35.522380352020264
0.1,0.0,35.616506814956665
0.1,0.0,35.71622586250305
0.1,0.0,35.816380739212036
0.1,0.0,35.91669321060181
0.1,0.0,36.02142643928528
0.1,0.0,36.118430852890015
0.1,0.03218474691721464,36.21754169464111
0.1,0.0,36.318403482437134
0.1,0.0,36.41852068901062
0.0,0.0,36.51806020736694
0.0,0.0,36.61614751815796
0.0,-0.0,36.71623158454895
0.0,-0.0,36.816115617752075
0.0,-0.0,36.91613483428955
0.0,-0.0,37.01731514930725
-0.0,-0.0,37.117653369903564
0.0,0.4,37.21859312057495
0.0,0.4,37.318562030792236
0.0,0.4,37.4186155796051
0.0,0.4,37.518375873565674
0.0,0.4065917275639919,37.618037700653076
0.0,0.4522559506215663,37.71648907661438
0.0,0.500075320802968,37.816720724105835
0.0,0.5377484635356151,37.91628408432007
0.0,0.6052399278909918,38.024141788482666
0.0,0.6413271349471592,38.11660408973694
0.0,0.7065815422699377,38.216705083847046
0.0,0.765847911050308,38.31683373451233
0.0,0.833364867787264,38.41686511039734
0.0,0.9196463621984563,38.520726680755615
0.0,0.9580088178166779,38.61705303192139
0.0,1.0,38.717915058135986
0.0,1.0,38.81702923774719
0.0,0.9934451437638689,38.91702151298523
0.0,1.0,39.02232027053833
0.0,1.0,39.11706829071045
0.0,1.0,39.21740412712097
0.0,1.0,39.31736373901367
0.0,1.0,39.417715072631836
0.0,1.0,39.51757740974426
0.0,1.0,39.617331981658936
0.0,1.0,39.717331647872925
0.0,0.9999960742639111,39.817564487457275
0.0,1.0,39.9172043800354
0.0,1.0,40.02389478683472
0.0,1.0,40.11737132072449
0.0,1.0,40.219932079315186
0.0,0.9950697602959409,40.31748008728027
0.0,0.9206450084724187,40.41746401786804
0.0,0.8268984346847996,40.5173876285553
0.0,0.7406168542495122,40.62056851387024
0.0,0.6548138421305141,40.71732044219971
0.0,0.5846845366939342,40.8176383972168
0.0,0.5771634101900021,40.91751003265381
0.0,0.5525626327261992,41.01717400550842
0.0,0.5299137268646696,41.11710786819458
0.0,0.43762131206069504,41.21723699569702
0.0,0.4,41.317166566848755
0.0,0.4,41.4169921875
0.0,0.4,41.51652693748474
0.0,0.0,41.61513161659241
0.0,0.0,41.715126276016235
0.0,0.0,41.782214403152466
0.39844286614097657,0.17187408679410032,41.88420057296753
0.40047841289779174,0.13846023341542793,41.98421859741211
0.2917832247912884,0.10110753994239002,42.08451795578003
0.3005543483127814,0.11054273835922539,42.18439316749573
0.3003751022550757,0.11630751333738623,42.28433609008789
0.3005329422608628,0.09758423692301696,42.38432717323303
0.30021670483302476,0.10608210838154737,42.48433303833008
0.30068360847595943,0.07812776557709038,42.58436059951782
0.3011211915490194,0.07066281563357299,42.684749603271484
0.3004323558950771,0.11039225164996949,42.784241676330566
0.30018364256585794,0.0650329901983863,42.88411998748779
0.3005193432535118,0.10745990982181144,42.98436737060547
0.3008396925769593,0.09345072841173722,43.08430790901184
0.3012107302179351,0.10105847065386017,43.18448257446289
0.30076002084155884,0.10101264772054394,43.28424906730652
0.30154493307599495,0.1267340505593701,43.384294271469116
0.3000849721182379,0.11293086935030784,43.48413443565369
0.300271470326386,0.1010513674271734,43.58435678482056
0.3009814805515023,0.08543340167716929,43.684332609176636
0.30038656034987443,0.10052476784116339,43.78421759605408
0.30086150504957054,0.14503458950080367,43.88423252105713
0.30110798333221567,0.1949583885308943,43.98437309265137
0.30155280193056233,0.13117075582083895,44.08440852165222
0.30089175836631976,0.16028517727789124,44.184330701828
0.3004854775217649,0.09745651816851211,44.284310817718506
0.30087000320934,0.1387431571358128,44.38430953025818
0.3011994223340553,0.053044094223725136,44.48438572883606
0.3005244372037138,0.055746068727028975,44.5844030380249
0.30030180525657546,0.021887695867764317,44.68432092666626
0.30060136075918353,0.034713740940941,44.78427863121033
0.3008059756395912,0.06277754208759256,44.884318828582764
0.3010767282109862,0.0,44.984288692474365
0.30053803278618973,0.06571768647746033,45.08454346656799
0.3015968213125294,0.04775756366158783,45.18420195579529
0.30021934304314835,-0.05841935482856475,45.28406047821045
0.3000586699397926,-0.07709836553978293,45.38435673713684
0.3003836236981342,-0.058848395580916035,45.48433876037598
0.30142185885714734,-0.07460653460339493,45.58446788787842
0.30134243099067803,-0.0779661699345237,45.68441319465637
0.3011554934073666,-0.02695140473936731,45.7844455242157
0.3011234486302925,-0.0731722680361647,45.88436532020569
0.30032548669228476,-0.032980466712462256,45.984429121017456
0.30057292537575053,-0.05411438040043176,46.0845685005188
0.30039221123614523,-0.037282963763726376,46.18425941467285
0.3002793262996455,-0.045201783548844465,46.28443694114685
0.3008408315856089,-0.05681841871456095,46.38435983657837
0.30015773964598014,0.0,46.48442268371582
0.3000467537493152,0.0,46.58427619934082
0.30101060316738937,0.0,46.68440365791321
0.30035989286585607,0.0,46.784428119659424
0.30132771335080555,0.0,46.88438701629639
0.3003227959892697,0.0,46.98442625999451
0.3002611988874869,0.011529595169581876,47.08441495895386
0.30020131586698307,0.0,47.184410572052
0.3010290310732985,0.0,47.28441834449768
0.3002248041723157,0.0,47.38440132141113
0.3001647046341388,0.02739778165460417,47.48439335823059
0.3001414015615922,0.024615016810007783,47.584489583969116
0.3005587928159251,0.02260172697470376,47.68437314033508
0.30162248686198234,0.01618238307143513,47.78439164161682
0.300351723564529,0.05845247775218204,47.884440898895264
0.3004038928074091,0.048564873709294354,47.98453736305237
0.3004424350196241,0.10731125121053892,48.084389448165894
0.3001884350940409,0.08588216042048048,48.184325218200684
0.3013893226606569,0.08212716093188836,48.284390926361084
0.30151715605626905,0.12368743647085992,48.38438439369202
0.3016565990170951,0.09397636404947225,48.48446345329285
0.3004709899578666,0.09106259381300522,48.58441734313965
0.30158145794348246,0.08491535908297486,48.68443202972412
0.2986501133717483,0.11714769397911268,48.78447127342224
0.2939145867625923,0.13114401105987394,48.88440942764282
0.2892258850523868,0.11373397206005292,48.98431658744812
0.2854269764954541,0.11516835783657273,49.084471225738525
0.27993366439936507,0.11660836597806523,49.18440341949463
0.2753599813929667,0.09395993551925605,49.28435778617859
0.2708157060431069,0.08795910752133315,49.38439059257507
0.43334327782856313,0.1648485638593372,49.48440480232239
0.4262495530345443,0.1611417137478527,49.584588050842285
0.41214744248683555,0.1685292867649543,49.68439054489136
0.2501930520466674,0.12291222693104492,49.78447961807251
0.39031425341566495,0.17072818310637222,49.88437008857727
0.381469683479678,0.09400315543538641,49.984288454055786
0.3700597054599375,0.11106433642439935,50.0843186378479
0.36003472326764274,0.111167902813146,50.18441700935364
0.34976136932619317,0.10309434838004801,50.2843120098114
0.34041182188068886,0.10683329934744458,50.3841609954834
0.331682234255715,0.11304347000427935,50.4841730594635
0.3187404221372614,0.1261257759344421,50.5842080116272
0.30838319687220256,0.12572576733011953,50.684178590774536
0.2982514938202883,0.13140752037104803,50.78421211242676
0.29030732367734186,0.14250925059773417,50.884106397628784
0.2787880114865712,0.12448908631738861,50.98409390449524
0.2693180258465271,0.1387550706141873,51.08400058746338
0.25593538089435136,0.12619401192978805,51.184263706207275
0.24732648107025978,0.12539975768641418,51.284059047698975
0.2377644259695678,0.11967565825110982,51.384199380874634
0.22916565979732562,0.12200927412823624,51.48411512374878
0.2208207937438772,0.12566056243683163,51.58408999443054
0.21304548608996707,0.11854597604588453,51.684000730514526
0.2068121276257189,0.12843822366312926,51.78396153450012
0.19756817922279077,0.10608242593313513,51.88406586647034
0.1904081584769535,0.10538311161492997,51.98419165611267
0.1833623333867356,0.10661901674772561,52.084145069122314
0.17730538078720717,0.10820524998401337,52.1842246055603
0.1701739972190922,0.10712615259383851,52.284022092819214
0.16382150012290414,0.07955845304225617,52.38421320915222
0.15774375974558297,0.08075561695977257,52.484084367752075
0.15231399926091868,0.08180875652714777,52.584412813186646
0.1477899764983626,0.08424901821111375,52.68411445617676
0.14095945154786302,0.06672415458842325,52.78415107727051
0.1357449159930705,0.06582947396918346,52.88409924507141
0.130805376236202,0.0641053351132493,52.98408246040344
0.12646753563894084,0.052126905400502015,53.08411455154419
0.10983865361992234,0.10074530220345443,53.184141635894775
0.10667310710671463,0.09436788833455031,53.28403663635254
0.1,0.10674430853442138,53.38403511047363
0.1,0.0645231366941803,53.48402786254883
0.1,0.04171120414608401,53.58485174179077
0.1,0.0,53.6838960647583
0.1,0.0,53.78407144546509
0.1,0.0,53.8840434551239
0.1,0.0,53.98398017883301
0.1,0.12037207152890529,54.08406400680542
0.1,0.09959594962236125,54.18402433395386
0.1,0.0756105562181849,54.283886671066284
0.1,0.045205148387896354,54.383973121643066
0.1,0.09449018961504882,54.484031438827515
0.1,0.1450836114977535,54.584102630615234
0.0,0.0,54.683929204940796
0.0,0.0,54.78405404090881
0.0,0.0,54.883859634399414
0.0,0.0,54.984013080596924
0.0,0.0,55.08417344093323
0.0,0.4,55.18395686149597
0.0,0.4,55.28382086753845
0.0,0.4,55.38396096229553
0.0,0.4,55.483954191207886
0.0,0.4,55.58414936065674
0.0,0.4669076308329205,55.684775829315186
0.0,0.5417192324660136,55.78435158729553
0.0,0.6013777106449373,55.88443183898926
0.0,0.671302941257389,55.98465585708618
0.0,0.7822415648804011,56.084826707839966
0.0,0.7337955310642226,56.18481993675232
0.0,0.6488495092008462,56.28494715690613
0.0,0.576001929694753,56.38494539260864
0.0,0.5034978958386489,56.48480796813965
0.0,0.4703259445845524,56.58485460281372
0.0,0.45484972011748964,56.68483853340149
0.0,0.4316019920050134,56.784799098968506
0.0,0.4,56.88464140892029
0.0,0.4,56.984612703323364
0.0,0.4,57.084601640701294
0.0,0.4,57.18445706367493
0.0,0.0,57.28257393836975
0.0,0.0,57.38250184059143
0.0,0.0,57.466248512268066
0.39767188564874234,-0.05163721442222596,57.56073617935181
0.39790864787064495,-0.09578422904014587,57.66049790382385
0.29105542227625847,-0.10147384256124498,57.76054883003235
0.3003501823189335,-0.16782973781228067,57.8606014251709
0.3004484115104793,-0.17205683402717112,57.960509300231934
0.30043739628433597,-0.22228687048742643,58.06057262420654
0.3006841477943658,-0.22756852836985336,58.16040229797363
0.3009901984889499,-0.20802398551451526,58.26052212715149
0.300484475075127,-0.20680500347363318,58.360655069351196
0.30150588664575095,-0.20028657066194636,58.460702419281006
0.30119398383245577,-0.20123893367616752,58.56072998046875
0.30114942757728347,-0.17862567831026874,58.66065859794617
0.30034340202606025,-0.23138957353014697,58.76062488555908
0.30017262863770555,-0.23464834572453244,58.860644578933716
0.3014842241940672,-0.230108185426185,58.96075773239136
0.30048007876454474,-0.21901737498609644,59.06070399284363
0.3012531163944342,-0.21050412270583604,59.16067695617676
0.30084347397678124,-0.18333562988983956,59.26071548461914
0.3008898529763132,-0.1902574874852833,59.36067867279053
0.3008623339699569,-0.1972316976048444,59.46086502075195
0.3011303766625928,-0.1914442774888716,59.56092095375061
0.30066212432123585,-0.23866240562576993,59.660773277282715
0.3003650688149476,-0.20854249196617225,59.76072454452515
0.300304832284898,-0.21947468327064262,59.860724210739136
0.29719293403591107,-0.1959841034130046,59.96070575714111
0.29302141155940864,-0.20027758988894911,60.06063437461853
0.2894948725365728,-0.20920601087181187,60.1606183052063
0.2858376594013765,-0.16881967579063614,60.26062488555908
0.28022154309121405,-0.1932067253087696,60.36057901382446
0.27599736174003675,-0.1862530658119603,60.46075510978699
0.27205016708686625,-0.1803232260440525,60.56074261665344
0.268694094536416,-0.14613497963077138,60.66069459915161
0.2653600629775671,-0.1720230603688641,60.760661363601685
0.2592850361298724,-0.15818768520104254,60.86072039604187
0.41037336205485475,-0.13364219343975967,60.9606556892395
0.40388016248395947,-0.12197652419931006,61.06059122085571
0.3975416350271397,-0.13163761574971045,61.160696506500244
0.38513773519348815,-0.1282986977774846,61.260623931884766
0.3751109416863465,-0.14760396331548692,61.360660552978516
0.36583125825121865,-0.158109770872091,61.460700273513794
0.35759274629119253,-0.15136948669035183,61.56061100959778
0.34927438742530875,-0.15742662183995554,61.6605863571167
0.33387463119269883,-0.15991461368914892,61.760584115982056
0.32397763459959383,-0.1826528243132328,61.86065435409546
0.31586184669256406,-0.16931231382646056,61.9605348110199
0.3073132593462733,-0.18339925982842317,62.06058216094971
0.2994466283425053,-0.17751551019517997,62.16065549850464
0.28434175206461115,-0.20158733490266292,62.26046800613403
0.2763451238945143,-0.1969627893284747,62.3606903553009
0.2691085843276633,-0.20645560386933776,62.460585832595825
0.26140066563037395,-0.20409268203534575,62.56036043167114
0.25125097606937846,-0.19944771159636343,62.66028952598572
0.24353891156318777,-0.21047220159518087,62.76037287712097
0.23655899850220288,-0.21448039043890796,62.86052584648132
0.2302254977441381,-0.20633735750850873,62.9604594707489
0.21929414323284724,-0.2050215048225302,63.06071376800537
0.21177491143537328,-0.2099544001253027,63.16030216217041
0.20546353174052145,-0.2043200950873525,63.260337114334106
0.19920538242266897,-0.20130680924967712,63.360432386398315
0.19349367625198097,-0.17932137988115604,63.46033239364624
0.18322381582242442,-0.19328069545720744,63.56044554710388
0.1769160526036236,-0.08680838566077374,63.6602144241333
0.17168139952247075,-0.16919340052102733,63.76015758514404
0.166548981054088,-0.17593437856749478,63.86027956008911
0.1578868101072258,-0.16211354873682315,63.96033835411072
0.1519744797772063,-0.15163317181562114,64.0600655078888
0.14699025014990336,-0.1481261835286491,64.16027045249939
0.14265545011210992,-0.01647480694871192,64.26027703285217
0.13838004950653773,-0.16027985936716976,64.36014652252197
0.13053877222257357,0.0,64.46010160446167
0.12600590439015408,0.0,64.56018328666687
0.11112534141256972,-0.10445483170057591,64.66013050079346
0.10918238758534436,-0.11846478989249776,64.76006960868835
0.11366309360548602,0.03639661120740996,64.85998797416687
0.10966825175276071,0.04578908132879361,64.96160650253296
0.1,0.0,65.05994176864624
0.1,0.0,65.15996289253235
0.10037450654273106,0.06633440930592387,65.25996422767639
0.1,0.0,65.36000657081604
0.1,0.0,65.46005654335022
0.1,0.0,65.55987167358398
0.1,0.0,65.65995597839355
0.1,0.0,65.75998306274414
0.1,0.0,65.85996389389038
0.1,-0.16633016777862059,65.95980596542358
0.1,-0.15313001039781066,66.05991077423096
0.1,-0.12747121472892003,66.16001844406128
0.0,-0.0,66.260014295578
0.0,-0.0,66.3600378036499
0.0,-0.0,66.46003818511963
0.0,-0.0,66.56018996238708
0.0,-0.0,66.6597592830658
0.0,0.0,66.75999450683594
-0.0,0.0,66.86001372337341
0.0,-0.4,66.9600179195404
0.0,-0.4,67.0600516796112
0.0,-0.4,67.16001272201538
0.0,-0.4,67.26004242897034
0.0,-0.4,67.36025333404541
0.0,-0.4,67.46028399467468
0.0,0.0,67.55860590934753
0.0,0.0,67.65854358673096
0.0,0.0,67.71696758270264
0.39809764011297377,0.026102045335267783,67.81958317756653
0.4091103930026293,0.0663468229927515,67.91932582855225
0.47871127128601076,0.022165963210557717,68.0198347568512
0.5032792231290866,0.08703895540613879,68.11954379081726
0.502487026505492,0.050495824296223464,68.21942067146301
0.5029305643324221,0.04240263484810526,68.31936573982239
0.5027623380530516,0.08266036545759751,68.41936445236206
0.5009563196493778,0.09309164354773727,68.51961255073547
0.5018191323865472,0.07201640632518223,68.61942720413208
0.501419349145727,0.040015823688162,68.71956777572632
0.49859966839783715,0.025140697616887708,68.81935024261475
0.4896961794058006,0.09762101683177446,68.91961741447449
0.47779749075736216,0.10988987768559078,69.01951670646667
0.4674127543833467,0.11518857035981978,69.11948299407959
0.4570224707508664,0.10467696156548824,69.21940350532532
0.4520221727422561,0.11412962530617062,69.31939649581909
0.44365717783336833,0.10572207406359282,69.4192328453064
0.43085440095865507,0.11279833123431,69.51984000205994
0.4205035242044642,0.11400334378581886,69.6192855834961
0.41008975519974317,0.11561698252825361,69.71931266784668
0.40087251704871024,0.12305321467452142,69.8191876411438
0.3892077025745815,0.12224833732961038,69.91913723945618
0.3788991469382055,0.13713898662673796,70.01952815055847
0.3684442215600451,0.13011730621127704,70.11932611465454
0.3588308355813308,0.1414513743825649,70.21917223930359
0.34992776656473407,0.13886990906229535,70.31903147697449
0.33743705675094593,0.1521012752365909,70.41913199424744
0.3272543750763132,0.15053599678764218,70.51929569244385
0.31710605443227574,0.16981441130567537,70.61900973320007
0.30859177723360903,0.15928720096616367,70.71900987625122
0.29733790108385566,0.1789848987993441,70.81898665428162
0.2877784353443455,0.1721011695501051,70.91944932937622
0.2783515696297583,0.17389103832997768,71.01957249641418
0.27245337365111605,0.14763792102274137,71.11894106864929
0.2631065139324525,0.14271540437874036,71.21945357322693
0.2542998160904357,0.14842441356495806,71.31896638870239
0.24556879036070997,0.14246180332020703,71.41895389556885
0.23707679288117292,0.12885782546118682,71.518887758255
0.2303087242549877,0.13685205539590428,71.61891436576843
0.22067468173629637,0.12695446006561578,71.7191653251648
0.2126989897195085,0.13029964409376443,71.8188591003418
0.20497609622287227,0.12586562194322282,71.91885614395142
0.1980331448350943,0.12004472174142534,72.01876091957092
0.19224123855020717,0.10870208450053864,72.11880540847778
0.18320652763752596,0.1099429786989563,72.21898150444031
0.17633545543834409,0.09949761205597925,72.318843126297
0.16980215343176844,0.08622285300179529,72.4188449382782
0.16443180107817332,0.08715029382391977,72.51903033256531
0.15736813340097475,0.09659620978330308,72.61897301673889
0.15153918277873366,0.06476815366431284,72.71891784667969
0.1459141473442296,0.0606350409357171,72.81882071495056
0.14106489610997805,0.07182440020536118,72.91874098777771
0.13518935724553963,0.05561578877662354,73.01894545555115
0.13012521446790518,0.06278078116868668,73.11897563934326
0.12534906778224844,0.058270296532856765,73.21880221366882
0.1207709236023114,0.0465371482858532,73.31879734992981
0.11714516309718878,0.043349301893460104,73.41879057884216
0.10598159793308297,0.16991887304343672,73.51880097389221
0.1,0.17868147108115642,73.61885404586792
0.1,0.12483733570889419,73.71881437301636
0.1,0.0,73.8187735080719
0.1,0.0,73.91875267028809
0.1,0.0,74.0187520980835
0.1,0.0,74.11866545677185
0.1,0.053204809795869,74.21874070167542
0.1,0.0,74.31864476203918
0.1,-0.11240805195350395,74.41874051094055
0.1,-0.18512967675924302,74.51877403259277
0.1,0.0,74.61875104904175
0.1,0.0,74.7187807559967
0.1,-0.16192685785262206,74.81857919692993
0.0,-0.0,74.91875863075256
0.0,-0.0,75.01867318153381
0.0,-0.0,75.11856818199158
0.0,-0.0,75.21868205070496
0.0,0.0,75.31861805915833
0.0,-0.0,75.41854548454285
-0.0,-0.0,75.5223798751831
0.0,-0.4,75.61859679222107
0.0,-0.4,75.71860456466675
0.0,-0.4,75.8186411857605
0.0,-0.426616840992986,75.91886925697327
0.0,-0.40418189847236874,76.01939725875854
0.0,-0.42722625686714943,76.11892199516296
0.0,-0.4790150949050578,76.21901965141296
0.0,-0.5634349378428394,76.31927943229675
0.0,-0.6208386917631367,76.41948556900024
0.0,-0.709619415219644,76.51945734024048
0.0,-0.7724716016782958,76.6194417476654
0.0,-0.7909136686601066,76.71960926055908
0.0,-0.7244223893016972,76.81948852539062
0.0,-0.6553168669724947,76.9196412563324
0.0,-0.5971310105974812,77.01978921890259
0.0,-0.5109368414968567,77.11976718902588
0.0,-0.4950586548387564,77.21958041191101
0.0,-0.4767175512507193,77.31949591636658
0.0,-0.40918369740719646,77.41935873031616
0.0,-0.4,77.51946592330933
0.0,-0.4,77.61946177482605
0.0,-0.4,77.71922469139099
0.0,0.0,77.81719970703125
0.0,0.0,77.91727709770203
0.0,0.0,78.0416464805603
0.4022975811734796,0.017477640666459817,78.15469574928284
0.4077909640967846,0.031119712324518944,78.25480484962463
0.29056641459465027,0.0,78.35466575622559
0.30004307535705776,0.04661384287633396,78.45464563369751
0.30030934870173076,0.04706584815131992,78.55457258224487
0.30080811913898353,0.0593243470513507,78.6545958518982
0.3012978083690744,0.05094034802536235,78.75453662872314
0.30161544399138784,0.06984800715979778,78.85469245910645
0.3000856786442705,0.050038531932391606,78.9545648097992
0.30099427665034717,0.053625152926695945,79.05465722084045
0.300235687647043,0.05228538675919958,79.15503454208374
0.3002967445828819,0.054668499666609256,79.2545838356018
0.30032800394007697,0.05308108082727381,79.35454607009888
0.30097511352216977,0.04890898011232675,79.45464420318604
0.30044294818015305,0.055400157857098065,79.55442237854004
0.30056041084943685,0.0432425416221744,79.65494060516357
0.3006169030541609,0.056556650015868626,79.7546169757843
0.30068849701439726,0.04000493093932928,79.85461640357971
0.3000136692759351,0.051051548260607205,79.9563660621643
0.3004077931684688,0.10039752778646191,80.05517411231995
0.30043291265597893,0.09636097271975716,80.1547462940216
0.3004910784595308,0.09133058374649598,80.2546501159668
0.3013289329480816,0.0830251570594938,80.35531330108643
0.30079404115642994,0.0842581983459623,80.45492911338806
0.3009097807698844,0.09305733775621963,80.55587983131409
0.301236104510324,0.09423302447325303,80.65500259399414
0.30027476604695824,0.08889038821584297,80.75803470611572
0.3000690236806083,0.09331396182900978,80.85665154457092
0.30034939475427613,0.12160066013273435,80.96154499053955
0.300668268037223,0.11052963290559616,81.05584669113159
0.30133204136082825,0.11489922051367002,81.15491032600403
0.3005541689004114,0.11717392374810416,81.25474762916565
0.30164244122644923,0.11707793791827399,81.35524916648865
0.30132086802891545,0.0957381162596376,81.45520830154419
0.3005312440041755,0.09684921389347625,81.5550365447998
0.3012277437008225,0.08995159303671432,81.65501666069031
0.3010597630182754,0.08985057061440063,81.75635814666748
0.30153147064769503,0.0973666827929647,81.8553876876831
0.3002000448746568,0.08453185817128732,81.95789361000061
0.30068368356235964,0.0856833081496389,82.05482220649719
0.3000051252265462,0.06778354347732507,82.1569881439209
0.29780479593903075,0.11568003390964704,82.25490117073059
0.29312721933211205,0.11995302756365973,82.35488486289978
0.2888212670719137,0.12127562482890326,82.45508027076721
0.2879360059484878,0.121830167817442,82.55501246452332
0.27896340025168853,0.1168933609598561,82.65480065345764
0.27442619613851793,0.09981346553877778,82.75473141670227
0.26993949467826217,0.11153855880624367,82.85479307174683
0.43413234625718633,0.20392486798135853,82.9547107219696
0.4270595391514818,0.21583784626502742,83.05463552474976
0.2579666854671365,0.08147258088973007,83.15473055839539
0.2530947491644747,0.08642472200291719,83.25445985794067
0.39635855418491783,0.21122729570457813,83.35454154014587
0.3882440480007757,0.09572271963483407,83.45496582984924
0.3774752968234407,0.08798741606113157,83.55447745323181
0.36870549771882155,0.0943515736021494,83.65497279167175
0.3576814883435493,0.0998610706460711,83.75450563430786
0.3482788364181683,0.09299997675575708,83.8543860912323
0.3394539754458106,0.09441033813514209,83.95420503616333
0.3268058549593628,0.11487723780906217,84.0546441078186
0.3164757968189656,0.1210518522874305,84.15490794181824
0.30629106273282386,0.1192792278469393,84.25429964065552
0.2985684293991317,0.11277804304110374,84.35433864593506
0.2869724859685895,0.10458415803548535,84.45428419113159
0.27811660362460355,0.10461286788708282,84.55442357063293
0.26765972998623005,0.11400985215839583,84.65827798843384
0.25884428604016924,0.11063506042486738,84.75528144836426
0.2490344891157772,0.10823561584478927,84.85748982429504
0.24013194988902598,0.10261994278744645,84.95446705818176
0.23230944093244044,0.11141612804249709,85.05446577072144
0.22310383766898992,0.10296446226145088,85.15436387062073
0.2165597086291184,0.0952747180273658,85.25420117378235
0.20788170846770862,0.09767526529337227,85.35424089431763
0.20032928485995205,0.09007328144813835,85.45553874969482
0.19223939393955605,0.08928258575891192,85.55481672286987
0.18562602019159227,0.10050968966986001,85.65449786186218
0.17830211989156017,0.09195333115364372,85.75413680076599
0.1716769316930352,0.07529800244067841,85.8542058467865
0.16647541889528825,0.0753813446352356,85.9542076587677
0.1612244129424036,0.07131981708501511,86.05449032783508
0.15570693675114178,0.0886129303982383,86.15402412414551
0.14946538860261072,0.06513149612828303,86.25401616096497
0.1439138868752302,0.06302120858117152,86.35725951194763
0.13853558260490892,0.0647898078749054,86.45411109924316
0.13351405125547783,0.06506120272372895,86.55427670478821
0.12805150997394177,0.05188538365458184,86.65820097923279
0.12334279815638274,0.05107151203249627,86.75746083259583
0.11925492239703478,0.04317455970143015,86.85662364959717
0.11445123555101908,0.04657241188381844,86.95431876182556
0.11104576640345534,0.04021648176406557,87.05397248268127
0.10304190194038634,0.06254353142882646,87.15412282943726
0.10252377298125387,0.20605122552890526,87.25412464141846
0.1,0.21054332585711227,87.35419535636902
0.1,0.20625633809127303,87.45542502403259
0.1,0.16617696693069053,87.55472302436829
0.1,0.22006049250301563,87.65444540977478
0.1,0.23165441547569482,87.75411415100098
0.1,0.13601524422043246,87.85451316833496
0.1,0.3534499618567919,87.95477604866028
0.1,0.36079568580577254,88.053884267807
0.1,0.28942816382960274,88.15417408943176
0.1,0.0,88.25413775444031
0.0,0.10643014035515974,88.35466575622559
0.0,0.03789291665007127,88.4553496837616
0.0,0.0,88.55736446380615
0.0,0.0,88.65436029434204
0.0,0.0,88.75411820411682
0.0,0.0,88.85435152053833
-0.0,0.0,88.95399165153503
-0.0,-0.0,89.05423927307129
0.0,0.4,89.15426349639893
0.0,0.4,89.25432062149048
0.0,0.4,89.35576891899109
0.0,0.4,89.45396757125854
0.0,0.4,89.55803322792053
0.0,0.4269340717701454,89.65421843528748
0.0,0.49074062983052863,89.75459599494934
0.0,0.5372250460610194,89.85450720787048
0.0,0.607097258323112,89.95455002784729
0.0,0.6895429074622703,90.05476307868958
0.0,0.7203371309143212,90.15428328514099
0.0,0.8074873777164544,90.2545018196106
0.0,0.8807527081880604,90.35464882850647
0.0,0.9224536647798902,90.45520663261414
0.0,0.9433733877396244,90.55488705635071
0.0,0.9720554299164283,90.65638160705566
0.0,0.9907993216445041,90.75520038604736
0.0,0.9975791615142879,90.85536217689514
0.0,1.0,90.95623111724854
0.0,1.0,91.05839514732361
0.0,1.0,91.15544986724854
0.0,1.0,91.25519514083862
0.0,1.0,91.35509157180786
0.0,1.0,91.45568370819092
0.0,1.0,91.55559778213501
0.0,0.9929352410758818,91.65534687042236
0.0,0.9777215189770614,91.75537300109863
0.0,0.9956868965463614,91.85936450958252
0.0,0.9344705645847524,91.96088027954102
0.0,0.8536800889639169,92.05587005615234
0.0,0.7722961063029841,92.15549421310425
0.0,0.6946039394549137,92.2551782131195
0.0,0.620773867397924,92.35496807098389
0.0,0.5655175127000589,92.45542907714844
0.0,0.536699037568986,92.55520701408386
0.0,0.49969823574757216,92.65500569343567
0.0,0.4181887252619972,92.75479078292847
0.0,0.4,92.85491561889648
0.0,0.4,92.9546446800232
0.0,0.4,93.05451536178589
0.0,0.4,93.15429210662842
0.0,0.0,93.25249814987183
0.0,0.0,93.352774143219
0.0,0.0,93.43829679489136
0.39773181579075756,-0.04415252506732942,93.54050350189209
0.39669221113435926,-0.11645558178424836,93.64057064056396
0.28983554244041443,-0.09032672345638276,93.74060583114624
0.30093168499018497,-0.13274088203907014,93.84061479568481
0.3014368931539585,-0.15212703570723535,93.94052457809448
0.3007989822056698,-0.22469759806990622,94.04063153266907
0.3009498977764802,-0.2726331174373627,94.14049506187439
0.301116363705318,-0.26930092722177507,94.24053692817688
0.3008568519861883,-0.35581768751144405,94.34051847457886
0.3002683325276527,-0.32551243603229524,94.44059181213379
0.3014460668077702,-0.309007515013218,94.54054546356201
0.30013032375514004,-0.29793701022863384,94.64056706428528
0.30055498360939803,-0.3092097386717797,94.74077105522156
0.3002904859587354,-0.30791736096143724,94.84057450294495
0.30003823250510764,-0.3145840436220169,94.94057273864746
0.30046705775609994,-0.30018838196992875,95.040518283844
0.3009033856630936,-0.31442543566226966,95.1404447555542
0.30089478328610575,-0.28127456158399583,95.24051237106323
0.3009091396298589,-0.3330639868974685,95.34081840515137
0.300737018943273,-0.2815641479272591,95.44066834449768
0.30128593424845007,-0.2898152366280556,95.54088497161865
0.30053682457020414,-0.2940586179494858,95.64053106307983
0.3003143691283343,-0.30792154073715206,95.74057006835938
0.30133985261273155,-0.3249584704637528,95.8405511379242
0.30010153096677716,-0.2878125922460305,95.94040179252625
0.3002294981388701,-0.30381726175546653,96.04048991203308
0.30014695988120343,-0.30925091058015824,96.14054369926453
0.30135192340105244,-0.3120472699403763,96.24055600166321
0.3012305125907161,-0.3121969223022461,96.34040689468384
0.5031386675196742,-0.32126070261001594,96.44070029258728
0.300614745226344,-0.23923742653507932,96.5407702922821
0.30142267655148924,-0.2173731241375208,96.64071655273438
0.3010014342571432,-0.24611803218722345,96.74077129364014
0.30052796491317746,-0.27222895324230195,96.84070992469788
0.30048001238862976,-0.27714185118675233,96.94137072563171
0.3014737060280369,-0.27542511075735093,97.04077386856079
0.3000850734108731,-0.2921957492828369,97.14080786705017
0.30150105034207586,-0.29432058036327363,97.240647315979
0.30155023758751387,-0.3023297607898712,97.34063839912415
0.5001533219338447,-0.28648652583360673,97.44067239761353
0.502388173506794,-0.2953917428851127,97.54077434539795
0.30077781478834953,-0.22085184864699842,97.64057207107544
0.3000520527557181,-0.12119141848463762,97.74063634872437
0.30126044757067894,-0.2200226902961731,97.84050035476685
0.3013845614265198,-0.23265952318906782,97.94054007530212
0.5025695197735357,-0.257598203420639,98.04088616371155
0.3008770202460763,-0.2546654276549816,98.1406786441803
0.30044332485730174,-0.1800988547503948,98.24050521850586
0.30152901312593616,-0.23587312623858456,98.34058737754822
0.5029467095525301,-0.25197207257151605,98.44058179855347
0.3004042957037344,-0.25181240290403367,98.5408718585968
0.30151857443208807,-0.15454783737659455,98.64070963859558
0.30098796603764133,-0.2291431099176407,98.74057078361511
0.3003981754123166,-0.20323615685889596,98.84073162078857
0.5018079824800056,-0.2747500583529473,98.9406578540802
0.503057715435419,-0.26557871401309974,99.0407075881958
0.3011102273156593,-0.18658379912376405,99.1407425403595
0.3012784261195084,-0.14916488602757455,99.24079847335815
0.3000259870568003,-0.2607626885175705,99.34073948860168
0.5001848310874201,-0.24849814996123318,99.44069194793701
0.5026432516827394,-0.2883151665329933,99.54076981544495
0.3008258329536082,-0.19421053519472478,99.6406762599945
0.3004414804115543,-0.18473079316318036,99.74076771736145
0.3003562154357442,-0.2313867218792439,99.84070181846619
0.5021484737612963,-0.2464744903147221,99.94075751304626
0.5010848861247482,-0.26350938975811006,100.040696144104
0.3005885455164833,-0.13617177189964996,100.1407413482666
0.3001777944319485,-0.17873482294380663,100.24088311195374
0.30087383683845037,-0.2177547708153725,100.34076595306396
0.5026729665948123,-0.25942548529097903,100.44067144393921
0.5008015691179456,-0.23786414116621019,100.5407645702362
0.3003955347657824,-0.1433251562871431,100.64071893692017
0.2974159875096416,-0.21469133142381905,100.74068999290466
0.29359989407152465,-0.18977648274678935,100.84055781364441
0.4794351199337615,-0.26845080852508546,100.94050097465515
0.4680722214745379,-0.25199822783470155,101.0409607887268
0.4594355666577988,-0.19559251591563226,101.14086389541626
0.4508410530608621,-0.16347595378756524,101.24087309837341
0.4434257229432649,-0.20565313501283528,101.34046816825867
0.4314877981850017,-0.18820594884455202,101.44065308570862
0.42225615307003,-0.19607483763247732,101.54066944122314
0.41325379153395186,-0.19990553376846948,101.64071106910706
0.4059909209894013,-0.19805866007227452,101.74072122573853
0.3941414544701034,-0.18845830932259564,101.84057450294495
0.3852864225248718,-0.19864386231638492,101.9406144618988
0.3764937355268838,-0.2177826173603535,102.04056859016418
0.36864906553358634,-0.19152379762381316,102.14040398597717
0.36178305008310474,-0.21537973806262017,102.24087190628052
0.3506740005734148,-0.20141479389276357,102.34050726890564
0.34256789204871146,-0.22230666019022466,102.44046425819397
0.21743407252320873,-0.21904924027621747,102.54041600227356
0.21404158023055592,-0.2328908115625382,102.64044880867004
0.31916714236188903,-0.293149296939373,102.74053192138672
0.3123501485699079,-0.32351519614458085,102.84037828445435
0.3058592553039943,-0.31657002568244935,102.94027590751648
0.30035227357832034,-0.30779147595167156,103.04033041000366
0.19760236288932898,-0.29179290384054185,103.14042925834656
0.2875137305925493,-0.31670607328414924,103.24026727676392
0.28113318895348016,-0.3414844542741775,103.34045815467834
0.2787260498124333,-0.3542630195617676,103.44027209281921
0.2742415188448539,-0.3571526676416398,103.54027438163757
0.18386754412852158,-0.36677115857601167,103.64029622077942
0.26289226028955787,-0.38206150829792024,103.7401773929596
0.2578151264468573,-0.414815005660057,103.84009003639221
0.2532585503305194,-0.42006198763847347,103.94011378288269
0.248996193348927,-0.46718682050704957,104.04018187522888
0.24257934283226978,-0.4651816010475159,104.1400990486145
0.23770433318056372,-0.4675366997718811,104.24009847640991
0.23313786702354755,-0.46274198293685914,104.3401665687561
0.22929873468858275,-0.4393303960561752,104.44013094902039
0.22334244860651595,-0.47602919936180116,104.54010558128357
0.21868042050808223,-0.5,104.6403603553772
0.21417040100086882,-0.5,104.74033379554749
0.2102664766271043,-0.5,104.84009003639221
0.20672769858442788,-0.5,104.94004726409912
0.20078445675340373,-0.5,105.04018020629883
0.19639230585710654,-0.5,105.14013409614563
0.19239084889967437,-0.5,105.24008703231812
0.18863244097166987,-0.44479849432644086,105.34024500846863
0.18325071049587585,-0.4643452343187834,105.44026207923889
0.17893926420268833,-0.46327759278448005,105.54025506973267
0.17499258893160188,-0.46287815382606096,105.64028000831604
0.17097172008842423,-0.460549469370591,105.74055624008179
0.16745704057505043,-0.4613494327193812,105.84191417694092
0.16139946309485156,-0.4647536233851785,105.94024062156677
0.15708275872494115,-0.4498182249696631,106.04029846191406
0.15312668486529138,-0.4443604942999389,106.1403694152832
0.15472847885435898,-0.43470252564078876,106.2406907081604
0.14928432872074135,-0.4191757377825285,106.34044671058655
0.14496505866982154,-0.41637952704178655,106.44049572944641
0.14084086767805973,-0.40729570953469524,106.54044151306152
0.13745372061869562,-0.3946963573756971,106.64032936096191
0.1324306773590972,-0.3747400534780403,106.7411425113678
0.1277401378086689,-0.37279508019748503,106.84030628204346
0.12348071060647359,-0.3576543782886708,106.94036102294922
0.11971428388228014,-0.3374048367926948,107.04062342643738
0.11649065271077472,-0.3316854919257915,107.14041519165039
0.10564969626922749,-0.24202326159728177,107.24037146568298
0.10370422631955116,-0.26657479028952735,107.34076929092407
0.1,-0.2518059921892068,107.44019985198975
0.1,-0.2862323061416022,107.54021954536438
0.1,-0.2571587399432533,107.64017486572266
0.1,-0.23249692791386642,107.74027395248413
0.1,-0.1938658704883173,107.84024786949158
0.1,0.0,107.9403305053711
0.1,0.0,108.04038000106812
0.1,0.04729239062259077,108.14001321792603
0.1,0.07770748318810215,108.23983216285706
0.1,0.09069518717496018,108.33982729911804
0.1,0.0,108.43997287750244
0.0,-0.0,108.54020857810974
0.0,-0.0,108.64002919197083
0.0,-0.0,108.74044346809387
0.0,-0.0,108.84018611907959
0.0,-0.0,108.9401228427887
0.0,0.4,109.04013395309448
0.0,0.4,109.14034056663513
0.0,0.4,109.23982501029968
0.0,0.41102963568149636,109.34049081802368
0.0,0.47214230253111494,109.44062900543213
0.0,0.4290934581466729,109.5404360294342
0.0,0.47820260635957984,109.64065957069397
0.0,0.5545187419368176,109.74087905883789
0.0,0.5926152129375801,109.84032773971558
0.0,0.6651916299500182,109.94057941436768
0.0,0.7023401612591433,110.04083299636841
0.0,0.8187220801508719,110.14060616493225
0.0,0.8408296035500793,110.24094152450562
0.0,0.9053969272931093,110.34136533737183
0.0,0.9555692283510862,110.44133567810059
0.0,0.9897126984888875,110.54119515419006
0.0,0.9746337853401978,110.64092946052551
0.0,0.9916726214356213,110.74095487594604
0.0,1.0,110.8411545753479
0.0,0.9461598526509807,110.9413673877716
0.0,0.877231409142162,111.04154324531555
0.0,0.7814661769894848,111.14110612869263
0.0,0.7074896519744764,111.24143552780151
0.0,0.6194048208838048,111.34096837043762
0.0,0.6249906886743499,111.4416823387146
0.0,0.5562954180485635,111.54087924957275
0.0,0.5287229538933493,111.64092803001404
0.0,0.49211944692542614,111.74124550819397
0.0,0.41162803966559464,111.84092879295349
0.0,0.40261968471027026,111.9407684803009
0.0,0.4,112.04033732414246
0.0,0.0,112.13870215415955
0.0,0.0,112.2397985458374
0.0,0.0,112.33540892601013
0.39664414930157366,-0.029396128654479988,112.43717408180237
0.3934110655449331,-0.028229132922072183,112.53701758384705
0.27507359720766544,-0.05326270476767892,112.63732743263245
0.3004578405084153,-0.05648538634965295,112.7372374534607
0.3010549439465193,-0.06907108765291542,112.83708214759827
0.3007273346725434,-0.06015203062346891,112.9371440410614
0.3011575389246549,-0.04631785962632611,113.0370774269104
0.3013725302172252,-0.08160203097290113,113.13742065429688
0.30067381327214826,-0.07293610235578134,113.23719024658203
0.3000562985849906,-0.07317782334591208,113.33709621429443
0.30146343886788396,-0.06654218824482276,113.43730664253235
0.3014764229866356,-0.0372327104995125,113.53751420974731
0.3000659531866765,-0.0685820556392795,113.63737797737122
0.3010994202877365,-0.044794673609890416,113.7374529838562
0.30040898858111353,-0.05427158861175962,113.83732962608337
0.3015998770751921,-0.067591436717071,113.938392162323
0.30005729032017114,-0.05057296210801915,114.03754043579102
0.30110421627485284,-0.06093131243006178,114.13735365867615
0.3001884358994551,-0.04641099042798341,114.2376275062561
0.30050438862091156,-0.07825188485807492,114.33833742141724
0.30052920248226356,-0.06424541822389551,114.43774104118347
0.300924256233735,-0.07584013468340821,114.53731060028076
0.3004016820122135,-0.06293112835601755,114.63745141029358
0.30071338706069095,-0.06752415800369098,114.73728632926941
0.30092552437925724,-0.061081345732274805,114.83742499351501
0.3012468606081514,-0.05600375450755418,114.93746829032898
0.30036856197483297,-0.05804134167632773,115.03749346733093
0.3015253444669711,-0.05093979976679147,115.13774871826172
0.3016127614423,-0.045605169158232824,115.23739719390869
0.30014352975556025,-0.041870880450465164,115.33781147003174
0.29584946340142115,-0.04466271169091523,115.4382209777832
0.2919702236776388,-0.047894139352597676,115.53784132003784
0.28552925108161886,-0.04055481731499496,115.63729691505432
0.28144175443439745,-0.06573773971513695,115.73738980293274
0.2768513147748006,-0.08623071810916846,115.83715772628784
0.27301709363340454,-0.07744848779157586,115.93694114685059
0.26925484454013293,-0.09275580993608419,116.03707122802734
0.262706922122908,-0.07863771311546623,116.1371898651123
0.2581145286607214,-0.09556340104655213,116.23699069023132
0.25426405951874553,-0.08624535477475112,116.33705878257751
0.4008833834310684,-0.0876844986488944,116.43689584732056
0.3896161550450721,-0.09331531501130051,116.5371527671814
0.38068567372343054,-0.08067116847163751,116.63715887069702
0.3714094701773487,-0.08481075491167997,116.736980676651
0.36340398692198483,-0.08759062986232732,116.83693099021912
0.35504336078043053,-0.10724099884299855,116.93695282936096
0.3399686829155446,-0.10237490119608608,117.03699445724487
0.3295761649817943,-0.12292843098311047,117.13716077804565
0.32316852593113476,-0.15767300101487258,117.23681163787842
0.31498773226264154,-0.1652627826717339,117.33691763877869
0.30107092927288626,-0.1565497821883151,117.43737149238586
0.291291298480755,-0.15660819474019497,117.53719353675842
0.28228050234230445,-0.1747362993069385,117.63711881637573
0.27466926789573304,-0.1629583263867779,117.73701906204224
0.2631396832835105,-0.1765396172278805,117.83736944198608
0.2542513425274981,-0.1662557223909779,117.93708515167236
0.24559202418421633,-0.1722661951654835,118.03696155548096
0.23880842735244778,-0.16684048865970807,118.13695573806763
0.23163875326281233,-0.16947376688844273,118.23717284202576
0.22071723073194258,-0.16538520298506076,118.33709192276001
0.21278431222599392,-0.17970501592284746,118.43692970275879
0.2058106507198959,-0.15972563765550907,118.53702902793884
0.1998292940443996,-0.16702489696050937,118.63694906234741
0.19037110682517153,-0.15799851856733613,118.73652124404907
0.18577653198171043,-0.18729927069262445,118.83663034439087
0.17998747578203908,-0.20063146164542747,118.93649792671204
0.17442140153036054,-0.19274522787646237,119.03688526153564
0.1693414271834792,-0.18635279081369693,119.13676595687866
0.1609684098042854,-0.18500271298383406,119.23721480369568
0.15511758810839033,-0.16927916878148117,119.3369038105011
0.15009066412965294,-0.1498212594734994,119.43691992759705
0.14564634928783834,-0.14475125858658225,119.53715872764587
0.1384678178504016,-0.13895414346142806,119.64041566848755
0.13320526458864965,-0.1377297895519356,119.73677396774292
0.12814489483460392,-0.11522954278870624,119.83694624900818
0.12421938886198605,-0.12642384924386668,119.9369843006134
0.1204554661901234,-0.12151418485139535,120.03709626197815
0.11421781661833691,-0.11466227048321764,120.13667464256287
0.10498852104414302,-0.023414998619179908,120.2368233203888
0.10329556831103336,-0.069785987389715,120.33671879768372
0.1,0.0,120.43698310852051
0.1,0.032632902892012386,120.53657793998718
0.1,0.056196820618290684,120.64038562774658
0.1,0.06672327559637396,120.73669171333313
0.1,0.07655821707295744,120.83956027030945
0.1,0.07805585923947786,120.9373049736023
0.1,0.07683764943902037,121.03676056861877
0.1,0.09318850060042581,121.1365270614624
0.1,0.08652694111591888,121.23668456077576
0.1,0.09504462366825653,121.33653211593628
0.1,0.09915268844679778,121.43650794029236
0.0,0.0,121.53664469718933
0.0,0.0,121.63645005226135
0.0,0.0,121.73662996292114
0.0,0.0,121.83688688278198
0.0,0.0,121.93703246116638
0.0,0.4,122.03658890724182
0.0,0.4,122.136563539505
0.0,0.4,122.23676109313965
0.0,0.4062170567182588,122.33684182167053
0.0,0.4,122.43673610687256
0.0,0.4,122.53688764572144
0.0,0.4,122.63712954521179
0.0,0.4,122.73706698417664
0.0,0.4,122.84184169769287
0.0,0.4,122.93679308891296
0.0,0.4,123.0367362499237
0.0,0.4,123.13682842254639
0.0,0.4,123.23690438270569
0.0,0.0,123.33531284332275
0.0,0.0,123.43513035774231
0.0,0.0,123.53347826004028
0.39615757050924005,0.1292228209344964,123.64464974403381
0.40892875716090205,0.12998758679942077,123.74468922615051
0.2748807407915592,0.1850284025857323,123.84483647346497
0.3006505700760268,0.16303952461794802,123.94466161727905
0.30154429287890294,0.14921307704950632,124.04466128349304
0.30099950497354,0.13327533712512563,124.14461708068848
0.30136683671545417,0.113701779003206,124.24475026130676
0.301178951476307,0.12297650105074828,124.34471678733826
0.3010334017673164,0.11063384598023007,124.44468069076538
0.3015122591728566,0.10195868423110557,124.54460978507996
0.30028109790959145,0.09694082160529335,124.64457106590271
0.3009447630700922,0.08905320293024963,124.7447018623352
0.3005417543699299,0.08262748322204538,124.84478497505188
0.30123294838174697,0.06321356869057604,124.94468188285828
0.3010312056396983,0.07280523290759637,125.04481267929077
0.30008272178462037,0.05638268358613313,125.14463520050049
0.3009878661040881,0.04990655979827829,125.24476027488708
0.30058672988316704,0.051610534559739234,125.34519648551941
0.3008258931908355,0.037218855242980145,125.44479632377625
0.30091597150570504,0.02991968348230185,125.54482889175415
0.3014319426895973,0.0248541268667108,125.64477729797363
0.30053455900282733,0.03214458703602615,125.7447292804718
0.3001778490275785,0.017758383837185386,125.84473991394043
0.300184844723681,0.0,125.94468784332275
0.30027338084972577,0.0,126.04497194290161
0.30121194627564296,0.0,126.14484906196594
0.3002528773888907,0.0,126.24481916427612
0.30029530977610064,0.0,126.34495806694031
0.30033548393334153,0.0,126.44497776031494
0.3005864560212894,0.0,126.54498076438904
0.3015257364701103,0.0,126.6447434425354
0.3001165012037472,0.0,126.74497699737549
0.29668602790398935,-0.02843792132641139,126.8449194431305
0.29175189611392516,-0.04588757835230545,126.94501399993896
0.2874666978231706,-0.046689664494050154,127.04478716850281
0.28170279964128886,-0.03554236290878372,127.14511561393738
0.2771087727183089,-0.03988338775540653,127.24488997459412
0.2724279810205884,-0.04268381888733097,127.34482383728027
0.26815384127496256,-0.04306285687183076,127.44482636451721
0.26435535897160745,-0.044813975270249336,127.54481768608093
0.258436682758582,-0.0572069013001103,127.64454555511475
0.25347570475645875,-0.04744100711847604,127.74484276771545
0.2491890751068692,-0.06623998707846589,127.84469294548035
0.3913523804460406,0.0,127.94470643997192
0.381436489538301,0.0,128.04466700553894
0.3716093897839623,0.0,128.1446816921234
0.3624978990589316,0.0,128.2446162700653
0.3531748107107392,0.0,128.34464979171753
0.3441698125222921,0.0,128.44460010528564
0.3309940301340935,0.0,128.54460668563843
0.32052962333466795,0.0,128.64431071281433
0.3121754655991396,0.0,128.74444961547852
0.3037581989324777,0.0,128.84460020065308
0.2902763977825413,0.0,128.94454407691956
0.2799267273904705,0.0,129.04454350471497
0.27042481917167455,0.0,129.14457082748413
0.2614057993620104,0.0,129.24605989456177
0.2537711530540032,0.0,129.34442973136902
0.24172695570065547,0.0,129.4443004131317
0.23259102795562225,0.0,129.54436612129211
0.2241533674321972,0.0,129.6442551612854
0.21743965671217988,0.0,129.74430751800537
0.2074216896119275,0.0,129.84429669380188
0.19956974696599739,0.0,129.94423079490662
0.19215610465663277,0.0,130.04403162002563
0.18591567686721677,0.0,130.14435720443726
0.1795202196960245,0.0,130.24417352676392
0.17273942481906826,0.0,130.3441183567047
0.1662634085130559,0.0,130.4443278312683
0.16059575889470729,0.0,130.54433965682983
0.15584633133070147,0.0,130.64429450035095
0.1484116156891221,0.0,130.74428987503052
0.14280834093985798,0.0,130.84420585632324
0.1375661635227993,0.0,130.94421648979187
0.13318828850473458,-0.02805554987617621,131.04430484771729
0.12716971182530312,-0.03540275366731773,131.14427375793457
0.11141192739281373,0.0,131.24423336982727
0.11816991278346017,-0.03512056455702374,131.3443145751953
0.107125026372578,-0.02552716295774045,131.44424891471863
0.1,-0.027768253829134126,131.5441017150879
0.1,-0.03666672437990966,131.64415097236633
0.1,-0.037605437930477284,131.74416995048523
0.1,-0.032824636917365216,131.8441596031189
0.1,-0.04478426418806374,131.94417929649353
0.1,-0.03548421479369464,132.04423809051514
0.1,-0.03948252603019538,132.1441786289215
0.1,-0.041223575841439375,132.24418425559998
0.1,-0.039339800845635556,132.34421348571777
0.1,-0.049223082649864636,132.4440836906433
0.1,-0.05533742210582681,132.5441017150879
0.1,-0.060277786615647755,132.64405798912048
0.1,-0.04692552752400697,132.74418449401855
0.0,-0.0,132.8441436290741
0.0,-0.0,132.94413495063782
0.0,-0.0,133.0441656112671
0.0,-0.0,133.1442151069641
0.0,-0.0,133.24419450759888
0.0,0.0,133.34436559677124
-0.0,0.0,133.44417357444763
0.0,0.4,133.54423356056213
0.0,0.4,133.64413475990295
0.0,0.4,133.7441577911377
0.0,0.41273134392481975,133.8444414138794
0.0,0.43486505805536185,133.94446969032288
0.0,0.4381591281111802,134.04441714286804
0.0,0.4730425806432978,134.1445026397705
0.0,0.5548055511856294,134.24459838867188
0.0,0.604739103384389,134.3446328639984
0.0,0.6635043024620594,134.44475388526917
0.0,0.7280237302898609,134.54490494728088
0.0,0.7651283295419204,134.64487886428833
0.0,0.8388366798648079,134.74488830566406
0.0,0.9036609096536241,134.84499168395996
0.0,0.9264837916579185,134.94497632980347
0.0,0.9357548522341794,135.045015335083
0.0,1.0,135.14519023895264
0.0,1.0,135.24535298347473
0.0,1.0,135.34534525871277
0.0,1.0,135.44540977478027
0.0,1.0,135.5452311038971
0.0,1.0,135.64526963233948
0.0,1.0,135.7454812526703
0.0,1.0,135.8454852104187
0.0,1.0,135.94534540176392
0.0,1.0,136.04536247253418
0.0,1.0,136.1454839706421
0.0,1.0,136.245423078537
0.0,0.9811907278331591,136.34523105621338
0.0,0.9851790579071704,136.44530940055847
0.0,0.970947688974301,136.5452470779419
0.0,0.9668304007631183,136.64519000053406
0.0,1.0,136.7453031539917
0.0,1.0,136.84510731697083
0.0,0.9283973977612385,136.94515681266785
0.0,0.8452651909508946,137.0454044342041
0.0,0.7625098204005272,137.14530491828918
0.0,0.6900576495403579,137.24521470069885
0.0,0.6173930326054382,137.3452377319336
0.0,0.5805218760329478,137.44512295722961
0.0,0.5442757205468514,137.54515194892883
0.0,0.4830502179054221,137.6449704170227
0.0,0.4701801955597937,137.74505639076233
0.0,0.4128623346313633,137.84492754936218
0.0,0.4,137.94479250907898
0.0,0.4,138.04478931427002
0.0,0.0,138.14276027679443
0.0,0.0,138.2428572177887
0.0,0.0,138.33782720565796
0.3955531670711935,-0.02043278217315675,138.44043946266174
0.396939818141982,-0.0203591992196284,138.54034757614136
0.2806754931807518,-0.02543108510343654,138.6403932571411
0.30026276494174187,-0.059386845403596004,138.7403962612152
0.30163872607401565,-0.05114293161191442,138.84041595458984
0.30082577817774814,-0.07030453499602646,138.9402458667755
0.30045777079852354,-0.043866571548737965,139.04034161567688
0.3012386074681014,-0.0726485676867397,139.14029669761658
0.3012784844598072,-0.0568137942617269,139.24025082588196
0.30135902357263855,-0.06003976434371189,139.34023237228394
0.3002277592539041,-0.06143719753936716,139.44037342071533
0.30135063842015186,-0.05720259672717043,139.54053020477295
0.30133252371278163,-0.05573777250553429,139.64026498794556
0.3013458410972317,-0.04840018741394342,139.74030256271362
0.3016478680771578,-0.06640110960916466,139.84043669700623
0.3010430444327121,-0.05850331998969377,139.9403760433197
0.3014385439778112,-0.04838792748357119,140.040274143219
0.3013921526486526,-0.054407918374789366,140.14023089408875
0.3001356417466704,0.025119023907341453,140.24028325080872
0.3009690931429665,0.025917220439173667,140.34020733833313
0.30037207247174047,-0.03301753387541363,140.44034051895142
0.30040056476923893,-0.017815063285984502,140.54029846191406
0.30044273023321844,-0.02016436356658997,140.640278339386
0.30091979568040417,-0.017624224055754503,140.74030423164368
0.30159968731589204,-0.0472303168357987,140.84025645256042
0.30035169807336337,-0.04544639728571237,140.9404468536377
0.3014534012342851,-0.016699912477480733,141.04031205177307
0.3002695195620432,-0.03802043526972594,141.1403284072876
0.30119083860165863,-0.010847907557188978,141.24045872688293
0.30034481663603263,0.02302092647081928,141.34028577804565
0.3003221724624783,-0.0025876867143731154,141.4402632713318
0.30038893781456755,0.02043227340633932,141.54030799865723
0.3007805595323373,0.026045566468842714,141.6404414176941
0.30153618569714846,0.02687863823712656,141.74037718772888
0.30015389430931183,0.01900622579024027,141.8402988910675
0.30015342251775234,0.04887302084580847,141.94043707847595
0.300250017222795,0.012475665324171518,142.04045033454895
0.3012315785157559,0.015513688776838145,142.14044666290283
0.30007762995186005,0.06829695693266236,142.2404203414917
0.300018633776994,0.049105592581786595,142.34043908119202
0.30161032502745844,0.0067453556547039314,142.4403474330902
0.30049627733882356,0.020181227926360925,142.5403938293457
0.3000050411272288,0.02458038508499922,142.64043498039246
0.30002308923701293,0.017409150067128645,142.74041199684143
0.30002995407139965,0.0497311293294555,142.84039068222046
0.3003599412219615,0.017637581084119638,142.9405002593994
0.3014112440856117,0.020183328088176876,143.04050755500793
0.30079518450828346,0.006695533622252302,143.1404948234558
0.300063817754722,0.0,143.2404065132141
0.30004266473362085,0.0,143.3404200077057
0.3007062912344399,0.0,143.4404172897339
0.301620533650218,-0.011931790868555637,143.54043984413147
0.30155286351066435,0.0,143.64040327072144
0.30146680267296166,0.031293488646808434,143.74030756950378
0.3002486485816347,0.03390678904558482,143.84039330482483
0.30123902520021795,0.03552334480673859,143.94054698944092
0.3014392588135688,0.03736857375816295,144.04043412208557
0.3014129339351207,0.018579010371314843,144.140300989151
0.3014310745605291,0.03148031838630373,144.24043536186218
0.30065784687083674,0.024982852410329003,144.34052443504333
0.30146816714132296,0.025650671232295648,144.4404275417328
0.30143676888078175,0.02048232637737926,144.5406196117401
0.30162693306571076,0.0,144.64054441452026
0.3005417534234913,0.0,144.74041390419006
0.3011885998216589,0.0,144.84028935432434
0.3015073216495665,-0.03190077260706427,144.94059681892395
0.3013364735730537,-0.03535773143858502,145.0403437614441
0.3015048564272145,0.0,145.14034485816956
0.3008829187000711,-0.0380005478074676,145.24034333229065
0.3014128390287264,0.0,145.34038376808167
0.3013799664675313,0.04391630699760035,145.44040942192078
0.30140403660031057,0.054933608088054135,145.54031038284302
0.300601985293774,0.0,145.64043998718262
0.30138934155166164,-0.03868605061189124,145.74022006988525
0.301399644561102,0.07536152152246547,145.84043717384338
0.30088513083816193,0.0,145.94032335281372
0.3015947773760409,0.022992505240989346,146.0404794216156
0.30035395256627573,0.0,146.14030051231384
0.3003116074896134,-0.02338768499658296,146.2403666973114
0.3013986437074394,-0.019617112833810485,146.34044337272644
0.3010515163620038,-0.015662866223015295,146.44046759605408
0.3013200387098267,-0.02018625989164176,146.5403265953064
0.30023198114321936,0.0,146.6403820514679
0.3004601706321537,-0.019385344829214248,146.74057793617249
0.3007289034845232,-0.02246131240145156,146.8405315876007
0.30114119848395315,0.0,146.94048833847046
0.3006537855696474,-0.02523137490804257,147.0406105518341
0.30057521022828504,0.0,147.14051222801208
0.3003761896723065,-0.026002090904665605,147.2404317855835
0.30067572539753384,-0.027804534926422333,147.34035801887512
0.30004776345151585,-0.027630779441249986,147.44043445587158
0.30011306934598925,-0.01884171970580753,147.54129910469055
0.3002069604048607,0.0,147.64047026634216
0.30060421929974557,0.0,147.7404396533966
0.30046574905591716,0.0,147.84037971496582
0.3007072891932048,-0.018309379447447618,147.94059324264526
0.3005634901899821,-0.01591013230775531,148.04064965248108
0.3008610517524555,0.0,148.1404390335083
0.3002333452760555,-0.021115340772820134,148.2405025959015
0.30052495379340227,-0.02405111725981297,148.34036564826965
0.3005391267238807,0.0,148.44027853012085
0.3003992281605432,-0.02855433478559317,148.54027271270752
0.3003991645898879,-0.022834303337884564,148.64028239250183
0.30101439043793643,-0.028289891328466554,148.74036622047424
0.300723734384145,0.0,148.84046339988708
0.30015566974810837,-0.10624577351110544,148.94047355651855
0.30022095022696105,-0.10572138674753274,149.0404179096222
0.300018157282787,-0.08583234956389976,149.1403136253357
0.30017919875561605,-0.10660947075015617,149.24044251441956
0.3002540759635254,-0.15513300585903617,149.34063076972961
0.30037295629089955,-0.09573396165904244,149.44053840637207
0.30037393788069044,-0.15204053897606695,149.5403926372528
0.30090919715399955,-0.13020785768565377,149.64030957221985
0.30018731645804886,-0.1699124841705749,149.74037313461304
0.3010877255263219,-0.21811325730461822,149.84037590026855
0.3000308615370352,-0.20335451768417107,149.9402575492859
0.3006309594686869,-0.2574685446918011,150.0402638912201
0.3002256728723307,-0.2631769597530365,150.1404514312744
0.30043150486389913,-0.2277275759138559,150.24051642417908
0.30129008949814484,-0.2923298895359039,150.3403766155243
0.3006596699988432,-0.3007263660430909,150.4404263496399
0.3004662953738235,-0.2807713270187378,150.540274143219
0.3010574474251059,-0.3026084199547768,150.64037942886353
0.30061669117886336,-0.3025761142373085,150.74028730392456
0.30021622815749327,-0.3164567321538925,150.84028506278992
0.30156693811786905,-0.31911108344793326,150.94029831886292
0.3000231263223442,-0.32505269050598146,151.0403265953064
0.1,-0.17415594552692606,151.14051795005798
0.1,-0.2509143387016497,151.24057626724243
0.1,-0.23579120416390267,151.34047627449036
0.3010618958218194,-0.3758326143026352,151.44031834602356
0.30117420101807946,-0.4090911120176316,151.54048371315002
0.3000779521818412,-0.4560010552406311,151.6406364440918
0.3002013750852608,-0.42643141448497773,151.7405710220337
0.3002659912455775,-0.38769289553165437,151.8404986858368
0.3004749301376096,-0.3730338037014007,151.94040942192078
0.1,-0.1934136194618124,152.04057908058167
0.1,-0.30217730136294113,152.14041447639465
0.1,-0.3111734900035356,152.2403426170349
0.3014864890526566,-0.403912690281868,152.34043765068054
0.30159038180242026,-0.47222830057144166,152.44068503379822
0.5005820384767463,-0.4947519421577454,152.54078125953674
0.30031335359071554,-0.4310754954814911,152.64067959785461
0.1,-0.2730724185705185,152.74066829681396
0.1,-0.24086652758874388,152.84039068222046
0.1,-0.3471724034924256,152.94061255455017
0.1,-0.3061199194506595,153.04075694084167
0.3013934042012194,-0.4690227031707764,153.1407015323639
0.3003234903531524,-0.4943426072597504,153.2405743598938
0.30021455564853383,-0.4619941510652241,153.34066438674927
0.3001945000973135,-0.4560100257396698,153.44046306610107
0.30139456123623765,-0.4003272622823716,153.5407612323761
0.30115380019581284,-0.38542291224002845,153.64065384864807
0.3008407958204957,-0.3621189713478089,153.74056792259216
0.3010559264011987,-0.3694232523441314,153.84061980247498
0.3002186113263995,-0.38317440152168275,153.94067311286926
0.30106977935970336,-0.3422424465417862,154.04055523872375
0.30066826781453193,-0.34319700002670295,154.14043855667114
0.3005102704764022,-0.33763248920440675,154.24045610427856
0.30135952584582504,-0.34652980864048005,154.34047746658325
0.30027659915731897,-0.33189877569675447,154.44059991836548
0.3011557723142836,-0.33828518986701966,154.54069685935974
0.30130580228884263,-0.35470954775810243,154.64070224761963
0.3001374355863684,-0.3267005205154419,154.7405264377594
0.3005911778651341,-0.3406109929084778,154.84062218666077
0.30119375957442884,-0.3389292925596237,154.94053387641907
0.3005041080460831,-0.2945034623146057,155.04050636291504
0.3001128378205148,-0.32311410903930665,155.14071822166443
0.3005167322337958,-0.31459320783615113,155.24063158035278
0.3010891266499568,-0.31923164129257203,155.34054231643677
0.30038407868450867,-0.31459531635046006,155.440505027771
0.3013216287691324,-0.339462485909462,155.54050612449646
0.3005952773688423,-0.3188504844903946,155.64054346084595
0.3009095550180718,-0.3055475994944572,155.74065375328064
0.30154687901369415,-0.34464974403381343,155.84072065353394
0.3006003746906527,-0.3275061368942261,155.94044375419617
0.3000965963038833,-0.34840658009052283,156.04051899909973
0.3003615927451869,-0.3316290944814682,156.14053511619568
0.30058549760974607,-0.35114928781986243,156.24054384231567
0.3014009558752182,-0.3183685064315796,156.34039306640625
0.3009408013077799,-0.31937439441680904,156.4405915737152
0.3010633003318357,-0.3272534877061844,156.54070472717285
0.30122001080994587,-0.3397561877965927,156.64079642295837
0.3002603602713414,-0.31870234459638597,156.7406542301178
0.3007515857635098,-0.3213804930448532,156.84090209007263
0.3015131352722934,-0.3216093078255654,156.94076657295227
0.3012469246379127,-0.32417117506265636,157.04075574874878
0.3001280753848754,-0.31884914338588716,157.14058017730713
0.30075869339254124,-0.32707684934139253,157.24087595939636
0.30074194337641136,-0.30128161773869866,157.34064602851868
0.3006503683394254,-0.3465251445770264,157.4406762123108
0.3005778768002858,-0.3116892471909523,157.5405502319336
0.30105128869581366,-0.2992605686187744,157.64084196090698
0.3003491253978985,-0.2919546782970429,157.7405571937561
0.30017738517373327,-0.32682877480983735,157.84049463272095
0.3015152733606009,-0.3221554577350617,157.94089102745056
0.30012177176044974,-0.2891386614818322,158.04064655303955
0.30036095361008974,-0.3149704083800316,158.14042854309082
0.30082618740042966,-0.3243855953216553,158.24055862426758
0.30051752332892845,-0.31430852860212327,158.34054851531982
0.3002483994937456,-0.32710431218147284,158.4404628276825
0.3006081569924143,-0.3261924505233765,158.54046320915222
0.30106243172902647,-0.3248237565159798,158.64065098762512
0.3006863770735523,-0.3357633620500565,158.74066519737244
0.3002650349660101,-0.3252173185348511,158.84062004089355
0.3004239968365522,-0.3362941414117813,158.94054007530212
0.3004630513417369,-0.3346786469221115,159.043447971344
0.3002024697722614,-0.32548482418060304,159.1404733657837
0.30130446321087245,-0.3354569643735886,159.24062657356262
0.3010652062550683,-0.3371961385011673,159.34065175056458
0.3012905530542299,-0.33254770636558534,159.44039034843445
0.1,-0.31313222348690034,159.54028940200806
0.1,-0.31496043950319286,159.6402189731598
0.3008129666390641,-0.3981857270002365,159.74030756950378
0.3014923399764985,-0.4557306885719299,159.84033179283142
0.30009149232834986,-0.45854679942131044,159.94031047821045
0.3002995456406188,-0.4310920208692551,160.04064536094666
0.30027395688298064,-0.3723650069613206,160.14061498641968
0.3003621297176583,-0.36400139033794404,160.24040031433105
0.3006988478506726,-0.40631113648414613,160.34063267707825
0.3009012578272391,-0.3567966938018799,160.44036722183228
0.1,-0.34785909652709956,160.54039859771729
0.3014490105791915,-0.3410639853853928,160.6404106616974
0.3002662019544977,-0.4220135033130646,160.74039697647095
0.30098881096240604,-0.4613229155540466,160.84056782722473
0.3007541747677429,-0.3927578896284103,160.94040179252625
0.30096534786871854,-0.3811420023441315,161.0408627986908
0.3010066327051707,-0.3418926836628663,161.14065384864807
0.30123043338959066,-0.33332481399962777,161.24079036712646
0.1,-0.3473457217216491,161.34052515029907
0.1,-0.3373741179704666,161.44056701660156
0.1,-0.42602623701095577,161.54066491127014
0.1,-0.4366112023591996,161.64072108268738
0.1,-0.5,161.74094939231873
0.1,-0.37292772719734585,161.840674161911
0.1,-0.3833538845965735,161.94067525863647
0.1,-0.36563827615035205,162.0409381389618
0.1,-0.4828980072548515,162.1407036781311
0.1,-0.4041187339707426,162.24068975448608
0.1,-0.4257053111728868,162.34054160118103
0.1,-0.413487141069613,162.44047856330872
0.3013133989378244,-0.17512987287420997,162.54063653945923
0.1,-0.5,162.6404688358307
0.30075534758828615,0.0,162.74067306518555
0.30048639638146757,0.0,162.840576171875
0.30050711642735783,0.0,162.94045042991638
0.30004160483123943,0.0,163.0403745174408
0.3008383660096521,0.09151317806620349,163.1404676437378
0.30053592928981665,0.11016090096611726,163.24051904678345
0.3002583963739138,0.18417317488867985,163.34051609039307
0.30043753211129187,0.17926979782549957,163.44029641151428
0.30035380793506694,0.24891785414595355,163.54058647155762
0.30130521146429123,0.2668811369099115,163.64052176475525
0.30075708025281156,0.2646158819135867,163.74055075645447
0.3013909796398945,0.2743830920834291,163.84052085876465
0.3002582872275068,0.2379946026362871,163.94037556648254
0.1,-0.06887089343447436,164.04054427146912
0.3014878834436565,0.21289951891491285,164.14046669006348
0.1,0.09514854718980034,164.24043941497803
0.3012416123823326,0.29093326047847146,164.34050607681274
0.1,0.08981103038317276,164.4405059814453
0.1,0.16482578641489928,164.54053592681885
0.30077366021084373,0.27145522715229736,164.64049816131592
0.30057620322407186,0.3339936228174913,164.74055004119873
0.3011009046232834,0.32050484763948545,164.84054279327393
0.30009278676482876,0.31698179872412435,164.9404649734497
0.3004632847556745,0.3081882686991441,165.04066371917725
0.3011417388961233,0.31284900919387226,165.1405529975891
0.3002944158109092,0.312300139822458,165.240416765213
0.30103995409614326,0.28522160994379153,165.3405303955078
0.30120224559725217,0.2701023134746049,165.44041657447815
0.30153791550195996,0.2862909200944399,165.54061102867126
0.3005901731615679,0.28194806889483803,165.6405086517334
0.30131730934366363,0.29061772839019173,165.74085664749146
0.30131004022392105,0.2924791963476884,165.84085273742676
0.30128872598045864,0.23400707887975794,165.9404320716858
0.300136994223839,0.2869862185497033,166.04072046279907
0.30073220518149746,0.2854201065082299,166.1411154270172
0.30046753517657143,0.2418644490994905,166.24140405654907
0.3003657465972045,0.24969991923947082,166.34037613868713
0.30065409670575427,0.2893952520270096,166.4407103061676
0.30120440410853333,0.2809209840078103,166.5409495830536
0.3016110284376542,0.24758753062863098,166.64039087295532
0.30145932573071754,0.2868707047481286,166.74058985710144
0.30128540235509316,0.2535668152727578,166.8407711982727
0.30016414851296547,0.25465436907191025,166.94082927703857
0.3008109981638518,0.2529231819667314,167.04180645942688
0.30054373540901447,0.2905668381013369,167.1408610343933
0.3002743077336495,0.3003019781489122,167.24120903015137
0.30045223024435386,0.23743886100618464,167.34373497962952
0.300573121711732,0.23490541028349024,167.44061923027039
0.3007371462970867,0.28700947926232695,167.54041981697083
0.30031031924151264,0.27968260810563433,167.64047241210938
0.3013639330532555,0.2310487513479434,167.7416341304779
0.3001584542609059,0.2751817645210969,167.84131908416748
0.3003404627988975,0.22879398214189636,167.94044589996338
0.30114904248243735,0.276488030113672,168.04073548316956
0.3011298972413812,0.26504608408400887,168.14148473739624
0.3011834228641914,0.2618021506227945,168.2405605316162
0.30012628689736387,0.25677318008322464,168.34039902687073
0.3010036091223267,0.2583604815759157,168.44051814079285
0.3005872415840024,0.1996993521326467,168.5405991077423
0.3003586676287332,0.24639107632009605,168.64138889312744
0.3006049910967794,0.2516269923825013,168.74088311195374
0.3007826553930958,0.2445154103793596,168.840744972229
0.30039761159591716,0.2305099448875377,168.94057440757751
0.3000742574811184,0.22972439574567893,169.04170298576355
0.30020870298569113,0.2260013927754603,169.14257383346558
0.3004736151783203,0.22827334302036384,169.24218034744263
0.3005689953374169,0.216400929422755,169.34132552146912
0.30036145045817864,0.22010704937734105,169.44035029411316
0.3004994435124637,0.20680174576608756,169.54047322273254
0.30089578871740164,0.20810651841916533,169.64053583145142
0.3011055125793721,0.1942981711343715,169.74042344093323
0.3005471058943443,0.19044371757068132,169.8405683040619
0.30052592904629616,0.23974221827168213,169.94059348106384
0.30109382126340567,0.17692693566021161,170.04055380821228
0.3007449213584975,0.2342870223679041,170.14075541496277
0.30101883787774897,0.22558729695646385,170.24041414260864
0.30139164613770597,0.20733470532454945,170.34045553207397
0.30062446372854046,0.21884907664437042,170.44049096107483
0.3013498170175257,0.24559515134284374,170.54088497161865
0.30093941460760765,0.25026632727761017,170.64070796966553
0.30133542319502327,0.23583284365503415,170.74056363105774
0.30038625480928005,0.24026375891346682,170.8404016494751
0.3014216100442484,0.27141070530602807,170.94074153900146
0.3014470188310756,0.26314956114480365,171.04046487808228
0.3005884960005488,0.2698314578909623,171.14049768447876
0.30137237837020525,0.2554616841830705,171.2408561706543
0.30102785035614654,0.23719886290399653,171.34105610847473
0.3006124891789297,0.27290390596577996,171.44068574905396
0.30138456575311057,0.2553481699604737,171.54049801826477
0.30064203621086816,0.2855659590739953,171.6404423713684
0.30007984737377635,0.2364076633986674,171.74085307121277
0.30145402960568524,0.27369516507575387,171.84054708480835
0.3002813753947333,0.28128562287280434,171.9407262802124
0.3013035551469033,0.26637941481251465,172.04076957702637
0.30079795760929984,0.29473354087064146,172.14062905311584
0.30070603117902484,0.2512008461513017,172.2404670715332
0.3013659998826558,0.293010497250055,172.34042310714722
0.30086864059601803,0.26026351632256256,172.44036507606506
0.30041266461465943,0.3028549717445123,172.54065895080566
0.30016452904361257,0.3080277980942475,172.64090871810913
0.30015828762286745,0.2943211884875047,172.74043488502502
0.3007829810351187,0.2735614839353059,172.8408842086792
0.30043947037220287,0.3141862244982469,172.940612077713
0.30138811702656265,0.2822336645502793,173.04068565368652
0.3013913355980249,0.2521383005537484,173.1463384628296
0.1,0.2399770130452357,173.24114108085632
0.1,0.22347493814794642,173.34610867500305
0.1,0.33545307234713906,173.44388222694397
0.3002396609474375,0.35637284234950417,173.54466676712036
0.3008719145734925,0.39623706952521676,173.646497964859
0.3009006417190727,0.43626160339305287,173.74249386787415
0.3010283050034359,0.39257649214644186,173.84436202049255
0.30104130740476254,0.38726610855052357,173.940580368042
0.1,0.3056397919592104,174.04664158821106
0.1,0.24658530730950207,174.14034914970398
0.30022456399199593,0.3773309679407823,174.24060678482056
0.3003579885363227,0.3575515930589878,174.34052062034607
0.3008058943224484,0.3998307527680147,174.4407193660736
0.30030142427062856,0.36346370891520857,174.54052829742432
0.1,0.2501719543808385,174.6402623653412
0.1,0.35584948376605385,174.74076080322266
0.30121675843495166,0.38287506417224293,174.84034395217896
0.301542123302348,0.4210911335129488,174.94131207466125
0.3011064253320561,0.4629370959181536,175.04044890403748
0.30089023894663547,0.41201660664458034,175.1404492855072
0.30038137781824914,0.3835417272228945,175.24029684066772
0.300210967156073,0.3387946698226427,175.34035086631775
0.3005081841977675,0.343608179845308,175.44023370742798
0.30135138785687754,0.33307864681670546,175.54023241996765
0.1,0.16452859483267127,175.64018440246582
0.1,0.26995359706251254,175.74021291732788
0.3005158051160821,0.3104544046678042,175.840500831604
0.3001733606124857,0.34396421046633474,175.9401032924652
0.30151428381412004,0.39966062621066456,176.04023098945618
0.3011407867565793,0.34811528654474966,176.14054560661316
0.3008350315813355,0.3462597222704637,176.2411506175995
0.3007457697214114,0.3140463891782259,176.3404815196991
0.30136119584102916,0.3330861122984636,176.44020414352417
0.1,0.3188241513151872,176.54050493240356
0.1,0.22291856784569591,176.64015817642212
0.3014469816215174,0.3637128712315309,176.74072575569153
0.30086306584293643,0.34532724948305843,176.84065318107605
0.3003325097446916,0.3956680835861909,176.94015908241272
0.1,0.3443763943094958,177.04052257537842
0.1,0.34122032836863875,177.14023447036743
0.30087380139118547,0.42029761687705397,177.24077892303467
0.3003332991615265,0.4109718862332797,177.34072470664978
0.301624279840499,0.40049325839469313,177.44044399261475
0.3011846981803924,0.3678435923237551,177.54050254821777
0.3012342487926899,0.35104141266722433,177.64046216011047
0.30004232413066956,0.3554576726336229,177.74058723449707
0.3005645883556314,0.3615912140984285,177.8405840396881
0.30118675178882937,0.3417288155932176,177.940589427948
0.30005762456089236,0.3007105055608248,178.04032826423645
0.3006641733415095,0.29299043746371023,178.1400797367096
0.30057388340072866,0.33104772285411244,178.23999881744385
0.30067193131853576,0.3027102293152559,178.33998012542725
0.3011851755053353,0.28889678583333367,178.43985414505005
0.1,0.25810319812674276,178.54011607170105
0.1,0.25636431919901,178.64031267166138
0.1,0.2725928758320056,178.74046993255615
0.1,0.268050921747559,178.84035873413086
0.1,0.11864696945014754,178.9406294822693
0.1,0.11920047025931506,179.04061269760132
0.1,0.10119684260142475,179.14102721214294
0.1,0.09097011889282024,179.24119329452515
0.29914408922195435,0.32309792355487227,179.3405797481537
0.3016120271892182,0.30390114219565145,179.44101691246033
0.3012658826455018,0.2906642207973882,179.54046630859375
0.3002445636858958,0.27865063359862885,179.64063596725464
0.30069810868778846,0.27647522436945066,179.74086236953735
0.3011554405621544,0.27142759294886337,179.8408088684082
0.30090939018716567,0.25795929478971585,179.9463291168213
0.3003625334244504,0.2555785660680972,180.04062938690186
0.3002737755114545,0.23559621321527582,180.14033436775208
0.30075431132155916,0.20942707885252804,180.24026131629944
0.30036415360256485,0.19814727980839575,180.341867685318
0.30118960474418466,0.14991972556239677,180.4401879310608
0.30045084124791976,0.18765194031753035,180.54045605659485
0.30042170948380875,0.18533774528064223,180.64042854309082
0.30015084996912267,0.17467586476551855,180.7403552532196
0.3007495343983926,0.17045674253451196,180.84029245376587
0.30133748492272494,0.21363049255389915,180.94290471076965
0.3009806482896831,0.20975540178386792,181.04584169387817
0.30049573912197935,0.20695279138652897,181.14581108093262
0.3013345811693834,0.19816894892014952,181.24034452438354
0.3002172790470715,0.18720972318398324,181.34031438827515
0.3010456646053712,0.22227020161716562,181.44035696983337
0.30088513905333836,0.17855576951252788,181.54096627235413
0.3003336151108015,0.21493380116788968,181.64081048965454
0.3008931583528416,0.1949675937232218,181.74128985404968
0.3003621623709385,0.15311222021516996,181.84477591514587
0.30022074531930654,0.14860054348644453,181.94134950637817
0.3015207596269983,0.12952942361957145,182.0447325706482
0.3004215416947412,0.1315480532222672,182.1457061767578
0.30096316898518194,0.11102552300221037,182.24071407318115
0.30014394191147387,0.10370768567449165,182.3406457901001
0.3012798590359984,0.10556563323265625,182.44061517715454
0.3013114705368011,0.09692719912058426,182.5408022403717
0.3009876846814751,0.097688387687269,182.64031505584717
0.3008447325220234,0.08717150946981027,182.74050784111023
0.30020785846914155,0.0765081462891478,182.84053206443787
0.30074721934508686,0.07373467138723322,182.94072890281677
0.3008129775166579,0.06604244520789697,183.04072856903076
0.3009108304171878,0.06666943481878228,183.14071345329285
0.30162913503561184,0.05716186903024972,183.24030232429504
0.3010985108130736,0.050416442144073925,183.3401117324829
0.3007833527022187,0.03349329390023883,183.43998789787292
0.300876043120473,0.011097758498631007,183.54008746147156
0.30122721619384973,0.010723043684112385,183.63998985290527
0.30028446525358543,0.0,183.7399353981018
0.30052757532125896,0.0,183.83996653556824
0.30022322874611074,0.0,183.9399058818817
0.301269912772953,0.0,184.03999304771423
0.30026986937327815,0.0,184.1399154663086
0.3012227038656914,-0.014320398259319769,184.23996448516846
0.3010162492914291,0.0,184.33997559547424
0.3010120511670459,0.0,184.44000124931335
0.30146353094065315,-0.02227107110972466,184.54006099700928
0.29724848500591206,0.0,184.64002418518066
0.2910793923551025,0.0,184.73997139930725
0.2863758650575753,-0.08736995434584585,184.84020853042603
0.28151330993913015,-0.05440156212762782,184.94052171707153
0.2775645016351601,-0.054402417022930916,185.04366755485535
0.27373535223778866,-0.048419402461302885,185.14401578903198
0.26726246210259985,-0.04754245885108643,185.24552178382874
0.26258157266845195,-0.040787907768236945,185.3441617488861
0.4167289273821904,-0.07360189459041543,185.44503784179688
0.4096400089601327,-0.06187367117718643,185.54026317596436
0.39778252470118525,-0.0665898673628506,185.64035177230835
0.3877104275098151,-0.06400017404046497,185.74084329605103
0.3776130798706423,-0.07504016194541593,185.8400707244873
0.36940696709578,-0.14061959642475766,185.94039368629456
0.36059241658241425,-0.15823690379559258,186.04051280021667
0.3467983116634093,-0.13426512920934902,186.14013171195984
0.33650445741253954,-0.1757010918110609,186.24417519569397
0.3289469440191552,-0.18178037995178448,186.3402922153473
0.32095407123656094,-0.1772614593960737,186.44030332565308
0.3081044099316093,-0.1902928638615106,186.54514837265015
0.2985627896116016,-0.1825604547795496,186.6401903629303
0.2896404202646952,-0.19240862938918563,186.73997735977173
0.28232828067218985,-0.1902004216846667,186.8402111530304
0.2709913758789864,-0.20309291380016425,186.94049453735352
0.26227117876165024,-0.1953291200493511,187.0422558784485
0.25382078113582,-0.20307031799303854,187.1403398513794
0.24663001752683367,-0.19240562398182717,187.24316382408142
0.23753440285955718,-0.20196003709968763,187.3398768901825
0.22975073356617728,-0.19452501331505018,187.44002485275269
0.22215954023706852,-0.20878948796736563,187.54031205177307
0.215287002872774,-0.20005567795351922,187.64000391960144
0.20943916415199584,-0.20035179382876342,187.74025559425354
0.2001584614501076,-0.17665474540308895,187.8400068283081
0.19373874252794296,-0.1962070060403723,187.94013047218323
0.18745831004275726,-0.1852678223660117,188.04021167755127
0.18168852479954398,-0.19434668264890964,188.13988184928894
0.17652486988465574,-0.1723767653891914,188.23978781700134
0.1676801184064336,-0.17009335615132976,188.33968877792358
0.16142737939444413,-0.16155861176942515,188.4401409626007
0.15631260762316,-0.1659680739829414,188.53977465629578
0.15174220721383344,-0.15090632015152974,188.63971829414368
0.14434308836593016,-0.15345749117826155,188.7403998374939
0.13903245893031266,-0.14053864353581466,188.8400354385376
0.13404904866296385,-0.1304871369349328,188.9398262500763
0.13013254336520227,-0.12959821098729177,189.04002380371094
0.12435248544167557,-0.12801393443032305,189.13979768753052
0.11969706473837163,-0.12905177050515215,189.24014401435852
0.11526678861745024,0.0,189.3403284549713
0.10584281655907074,0.0,189.43990063667297
0.10399554673411547,0.0,189.5397322177887
0.1,0.0,189.64017248153687
0.1,0.0,189.73977947235107
0.1,0.0,189.84005069732666
0.1,0.0,189.93986630439758
0.1,0.0,190.03974962234497
0.1,-0.05479506916905702,190.1398594379425
0.1,-0.04789014584139773,190.2395384311676
0.1,-0.042803274016631254,190.33976078033447
0.1,0.05233041722523541,190.43954348564148
0.1,0.0,190.53956651687622
0.1,0.061891978243856054,190.639821767807
0.0,-0.0,190.73979997634888
0.0,0.0,190.839688539505
0.0,-0.0,190.93990230560303
0.0,-0.0,191.03989958763123
0.0,-0.0,191.13975954055786
0.0,-0.0,191.23982667922974
0.0,-0.4,191.3404860496521
0.0,-0.4,191.43971371650696
0.0,-0.4,191.5396695137024
0.0,-0.4,191.63964462280273
0.0,-0.4,191.73982048034668
0.0,-0.437615948263023,191.84000945091248
0.0,-0.5099127939687472,191.94021582603455
0.0,-0.6100184093688219,192.04037952423096
0.0,-0.6469431649826423,192.140154838562
0.0,-0.7094916085131744,192.24034023284912
0.0,-0.7685030388389842,192.34033584594727
0.0,-0.8430813657264784,192.44020557403564
0.0,-0.900737208432097,192.54068231582642
0.0,-0.9491103369725489,192.64052939414978
0.0,-0.9843608630091885,192.74068140983582
0.0,-0.992230883878614,192.84147334098816
0.0,-0.9719920382874219,192.94331312179565
0.0,-0.9655940337936428,193.04111981391907
0.0,-0.9717612718381647,193.1406214237213
0.0,-1.0,193.2411825656891
0.0,-0.9872778572837748,193.34204387664795
0.0,-1.0,193.4407730102539
0.0,-0.9642692171265608,193.54062747955322
0.0,-1.0,193.64077138900757
0.0,-1.0,193.74256896972656
0.0,-1.0,193.84080862998962
0.0,-1.0,193.9409692287445
0.0,-0.9996642449263573,194.04335808753967
0.0,-0.9947868224899934,194.14075922966003
0.0,-0.9826491115200515,194.2409315109253
0.0,-0.9835581169460235,194.3407280445099
0.0,-0.9207661773932623,194.4406349658966
0.0,-0.8430221819115893,194.54062795639038
0.0,-0.7668367694428602,194.6410322189331
0.0,-0.7014595784362663,194.74070191383362
0.0,-0.6323191870960096,194.84073209762573
0.0,-0.5501128011231997,194.94076943397522
0.0,-0.539341447976561,195.04064393043518
0.0,-0.47063058079598347,195.1405258178711
0.0,-0.47430982891070733,195.24059987068176
0.0,-0.4,195.34038662910461
0.0,-0.4,195.44052600860596
0.0,-0.4,195.5423264503479
0.0,-0.4,195.64057445526123
0.0,0.0,195.7399342060089
0.0,0.0,195.83825302124023
0.0,0.0,195.9615602493286
0.402638143254444,0.053578013338540786,196.0640196800232
0.4030115789268166,0.06604354891337848,196.1643533706665
0.29651401564478874,0.0,196.26397156715393
0.3015802548991946,0.07888629914898625,196.36477637290955
0.30058473345996906,0.09427382487215494,196.4643316268921
0.30140853100861553,0.08999901135501107,196.56445574760437
0.30012588288895603,0.0921231662952586,196.66403150558472
0.3008200256824173,0.10130580475455832,196.76541781425476
0.3002654021081145,0.0898447646906501,196.86614346504211
0.30032774177768784,0.09450971013621276,196.96498775482178
0.3003874532290921,0.08201310930675579,197.06656551361084
0.3007970684265372,0.08984332865006042,197.1674518585205
0.3015750320011421,0.084130782241884,197.26599955558777
0.3007192400333504,0.09561090786990364,197.36468195915222
0.3008638792848095,0.08516343733982033,197.46442532539368
0.30109229890074385,0.09450510477549148,197.56855392456055
0.30039584095808747,0.08134837223118854,197.66704893112183
0.30163704951140535,0.09435030496434157,197.7677309513092
0.30017670980147004,0.10571927910572601,197.86426711082458
0.3004756739588743,0.07227903565293863,197.96879863739014
0.30131461145755245,0.0689420034618754,198.06425714492798
0.30057757168297394,0.08094120545214727,198.16847729682922
0.30016152753399095,0.07573950623995378,198.26587009429932
0.301606741694998,0.07545561117953374,198.3649878501892
0.300179721072227,0.07694611472910953,198.46410131454468
0.30131794689837466,0.07480607515102937,198.56781220436096
0.3012462157222864,0.0609502573938746,198.66540002822876
0.3011651317523256,0.06082013675844983,198.770192861557
0.30133830706986653,0.06467092923427879,198.86540174484253
0.3006175578124748,0.054844545710243664,198.96799969673157
0.3015410851923579,0.049746050077833615,199.06371879577637
0.30026614042570077,0.05064664549733461,199.16372323036194
0.30043776688368395,0.041537049736239416,199.26360726356506
0.30086689579210113,0.053881158601296546,199.36372828483582
0.30030301317557306,0.04643798391089626,199.46418023109436
0.3014860506455238,0.05067488229588457,199.5653703212738
0.30112925566213233,0.04723393223003337,199.66447567939758
0.3012290130858353,0.04389776154176184,199.76440358161926
0.30058845415405866,0.04164429432467411,199.86390900611877
0.3013605978229238,0.045768930155195675,199.96396684646606
0.30093965869248396,0.026059436160874985,200.06404614448547
0.3000025250688042,0.041618716481484866,200.16851425170898
0.30050809596950756,0.040298031192076825,200.26774621009827
0.3015721893955129,0.02818534664417567,200.36414861679077
0.30029382084472145,0.03056194401885333,200.4639868736267
0.30032877790372836,0.0352505794873363,200.5671935081482
0.3005640211632402,0.021336748686275966,200.6636860370636
0.3000224064818241,0.031615634929192685,200.7636363506317
0.29913389326327067,0.02418928362037005,200.86369466781616
0.29230017947399833,0.00910388164614375,200.96365523338318
0.2873592707515893,0.010444388244497137,201.06361889839172
0.28300030032654044,0.008230850348053008,201.16404175758362
0.27906212905524896,0.017762906864089406,201.26409077644348
0.27263879518728007,0.009926432001674056,201.3643136024475
0.26788191198441513,0.02153113907889317,201.4640679359436
0.2611118943828261,0.0,201.56398510932922
0.25739657772617397,0.0,201.6642050743103
0.25350480746185255,0.0,201.7645125389099
0.24727215756025203,-0.022461603905417415,201.8648374080658
0.3859715960171265,-0.017809696073986993,201.96392798423767
0.3785743550911226,-0.023777200884528848,202.06393384933472
0.37158863375607765,0.0,202.16411018371582
0.358174628787274,-0.02215875171517069,202.26458549499512
0.3477767676165529,0.0,202.36642169952393
0.33839464679502645,-0.029640776585591454,202.46758580207825
0.330020670249164,-0.020434566293107814,202.5665066242218
0.31640223025564607,-0.029366235758521052,202.66736245155334
0.30591311110938185,-0.017244550414187345,202.76705026626587
0.29590145560522635,-0.022429952848898715,202.866881608963
0.28691863704503956,-0.014598325404681669,202.96400618553162
0.2753519300283676,-0.029084618683708333,203.06445026397705
0.26150394806140626,-0.02738471284116568,203.16647696495056
0.25169898089431214,-0.031510106084629355,203.26788854599
0.24352576878709511,-0.028431379716647286,203.36749362945557
0.236334414230863,-0.016830726046311216,203.46387243270874
0.22466607030018418,-0.022067980389845983,203.56360507011414
0.21625529005847732,-0.01617201698551837,203.66363954544067
0.20877344417735422,-0.016551144872056802,203.76383805274963
0.2020185670976298,-0.021756539572226355,203.86357998847961
0.1928389136725879,-0.017760858390676336,203.96342515945435
0.18559196348433737,-0.02299683030302586,204.06359124183655
0.17860595398164356,0.0,204.16341471672058
0.172970813765702,0.0,204.2639238834381
0.16780074151412597,0.0,204.36708879470825
0.15940818387998107,0.0,204.46664929389954
0.15344927801098437,0.0,204.56597781181335
0.14834360286800444,0.0,204.66622114181519
0.14174902759837804,0.0,204.7634789943695
0.13510670953828485,0.0,204.86392855644226
0.12993517716255593,0.0,204.96370339393616
0.11248335022222118,0.0,205.0636682510376
0.11060072134479784,0.0,205.16345405578613
0.10877115700479557,0.0,205.2634036540985
0.1,0.0,205.36401534080505
0.1,0.0,205.46346783638
0.1,0.0,205.56338763237
0.1,0.0,205.66356444358826
0.1,0.0,205.763774394989
0.1,0.0,205.86334991455078
0.1,0.0,205.9634039402008
0.1,0.0,206.0634481906891
0.1,0.0,206.16367077827454
0.1,0.0,206.26345586776733
0.1,0.0,206.36412835121155
0.1,0.0,206.46334075927734
0.1,0.0,206.563218832016
0.1,0.0,206.66321849822998
0.0,0.0,206.76204824447632
0.0,0.0,206.8623080253601
0.0,0.0,206.94566750526428
0.27673493325710297,0.0,207.04809546470642
0.4334138981997967,0.0,207.14797830581665
0.285735372453928,0.0,207.24809670448303
0.30165772008905745,0.0,207.34806156158447
0.3016454457722959,0.0,207.44810700416565
0.3008823587036358,0.0,207.54806518554688
0.301555130280439,0.0,207.6480803489685
0.3015235497071398,0.0,207.7480297088623
0.30158298023369956,0.0,207.84817790985107
0.3006677356344608,0.0,207.9480905532837
0.3012627312543704,0.0,208.04809880256653
0.30128258332033864,0.0,208.14808106422424
0.30129800467638823,0.0,208.2479693889618
0.300370078646107,0.0,208.34793710708618
0.30122091767894144,0.0,208.44801664352417
0.30116269846802,0.0,208.54801654815674
0.3010674276713664,0.0,208.64802503585815
0.3013176817684555,0.0,208.74798011779785
0.3006577901550437,0.0,208.8479781150818
0.3010875294515005,0.0,208.94835376739502
0.3009744106977684,0.0,209.048321723938
0.301050503339067,0.0,209.1480197906494
0.30000677694733957,0.0,209.24800038337708
0.3000547041323526,0.0,209.3480851650238
0.30048998961234075,0.0,209.44802904129028
0.3004660187304151,0.0,209.5479395389557
0.3008824097770444,0.0,209.64779925346375
0.3001868820562855,0.0,209.74787712097168
0.30037955461849186,0.0,209.84780168533325
0.30033620290079754,0.0,209.94807934761047
0.3005336480398766,0.0,210.04798483848572
0.30120336736692743,0.0,210.14809775352478
0.30037889524307093,0.0,210.24809312820435
0.3003098221396143,0.0,210.34799194335938
0.30036223550968866,0.0,210.44815111160278
0.3009340209641008,0.0,210.54799580574036
0.30022514554017654,0.0,210.64809012413025
0.30039404813808557,0.0,210.74802827835083
0.3004834106858749,0.007808649927181631,210.8479459285736
0.3004478900700268,0.006079145721895128,210.94825434684753
0.30112483933490186,0.008870557430935531,211.0480194091797
0.3000495386110652,0.023547368633903953,211.14792227745056
0.301630234957152,0.017538575034000383,211.24802947044373
0.30143641549201683,0.021943443935168422,211.34801244735718
0.30033852709621356,0.01978055904374312,211.4479842185974
0.30104360101824357,0.011492783654677232,211.5487880706787
0.3003404645655261,0.004616381615204245,211.64793157577515
0.30023351174483626,0.014842644814205799,211.74811387062073
0.29567651215350754,0.021771907355440295,211.84807920455933
0.29140021807458083,0.010539319817172842,211.9481222629547
0.28532542318887055,0.0,212.04828667640686
0.28039473397366255,0.0,212.14799070358276
0.27547602520334613,0.0,212.2480058670044
0.2705057850638617,0.0,212.34790706634521
0.4296995285856256,0.0,212.44812273979187
0.42039653028989915,0.0,212.54805779457092
0.41054536687535387,0.0,212.64798593521118
0.40157096953176713,0.0,212.74799847602844
0.39255236907608015,0.0,212.84796476364136
0.37925786294995,0.0,212.94809484481812
0.36884421343909213,0.0,213.04794216156006
0.3584264602664714,0.0,213.14797401428223
0.3500271798038601,0.0,213.24801397323608
0.33749643269862056,0.0,213.3478877544403
0.32721402526848437,0.0,213.4480164051056
0.3167785801093202,0.0,213.54840660095215
0.3078921420892624,0.0,213.64771938323975
0.2942577644192975,0.0,213.74772191047668
0.28372000263497066,0.0,213.84773921966553
0.2734379120289992,0.0,213.94762063026428
0.26442209746704365,0.0,214.0477089881897
0.25584398702151223,0.0,214.14804410934448
0.24424761537615725,0.0,214.2475447654724
0.23529093166279402,0.0,214.347638130188
0.22645126350738407,0.0,214.44778656959534
0.21948627093699388,0.0,214.54740452766418
0.20980573449832818,0.0,214.64735531806946
0.20215054512834252,0.0,214.74735951423645
0.19457938677060196,0.0,214.84728360176086
0.1877962341731669,0.0,214.94757223129272
0.18090471909831876,0.0,215.04742288589478
0.17337824245837183,0.0,215.14754247665405
0.16688000311418102,0.0,215.24740886688232
0.15829023593211225,0.029251015090726706,215.34741735458374
0.153476575151501,0.02955055520624706,215.447429895401
0.14629017258598104,0.03644126937479565,215.54738450050354
0.14083367891900894,0.04710192470566221,215.64736890792847
0.13549148287475923,0.04539371009818033,215.74740600585938
0.1309834888278171,0.04000737941578816,215.84735941886902
0.1254625915066885,0.05109491250232645,215.9475655555725
0.12062203206801661,0.0412410977443582,216.0473244190216
0.11610908378528845,0.05068742625023188,216.14748096466064
0.11214709851305674,0.032290580202090094,216.2473795413971
0.1089006668593244,0.029814064051759855,216.34734773635864
0.10378672422659743,0.03934373102690043,216.44730758666992
0.1,0.03683160200322928,216.54731369018555
0.1,0.03776576511169734,216.64755821228027
0.1,0.02228620507215198,216.74736833572388
0.1,0.035769687514556066,216.8477098941803
0.1,0.02070320070182021,216.9473671913147
0.1,0.009510211136780265,217.0471441745758
0.1,0.01738123082016643,217.14731311798096
0.1,0.0,217.2473340034485
0.1,0.0,217.34717845916748
0.1,0.0,217.44708728790283
0.0,0.0,217.54586172103882
0.0,0.0,217.64594435691833
0.0,0.0,217.76972246170044
0.2684918437153101,0.01778142621348563,217.87206721305847
0.4266004987061024,0.0,217.97236824035645
0.28705108910799026,0.01780200099180404,218.07277011871338
0.3002350076454704,0.021266459967744983,218.17207741737366
0.3012720685784853,0.021470494058571345,218.27213215827942
0.3007991062659032,0.0,218.3720989227295
0.3016241254785589,0.04123154333547542,218.472026348114
0.3005324021539083,0.06734051609313799,218.5723466873169
0.3005448333932257,0.05615666539310233,218.67218494415283
0.3009355894660918,0.047797489053520714,218.7720046043396
0.30034237405286346,0.04071173771823706,218.87210488319397
0.3006944769240848,-0.04887182418453067,218.9722385406494
0.30081478930964534,0.07871903629091223,219.07244849205017
0.30096155130356417,0.08345370889690361,219.1720495223999
0.3000794018354963,0.07146205059007593,219.27215838432312
0.3010634402802067,0.08214296175068929,219.37205266952515
0.3011865001335887,0.06280521540657469,219.4722137451172
0.3012972693347964,0.06013269400910327,219.57223296165466
0.3002888327712646,0.11265548285292949,219.67208337783813
0.3014150962573423,0.10572698585885135,219.77206087112427
0.30010281672465533,0.10438672696289261,219.8721284866333
0.3003734477006754,0.07933176269656732,219.9720799922943
0.30088871569324005,0.06217117286042162,220.0722942352295
0.3003996664085664,0.06267674321210699,220.17200136184692
0.3011200262457697,0.04811489440892869,220.27220368385315
0.3013697475919461,0.033372497637020895,220.3721945285797
0.3016022970710057,0.03350863188113036,220.47225141525269
0.30075669179323694,0.04348588503505053,220.57220244407654
0.3001600013072424,0.029383628148781607,220.6721339225769
0.2970544589020825,0.014036363441693147,220.7721676826477
0.29221156500110446,0.022843731116307397,220.87214636802673
0.2877006051135603,0.01046145397428374,220.97214007377625
0.28371639227533596,0.02316023553476522,221.0722780227661
0.2775118453065941,0.0,221.17209911346436
0.2726736042234934,0.04713142670592979,221.2720983028412
0.26788424511144104,0.06455022709346131,221.3719494342804
0.26426067054658686,0.056829615074552975,221.472177028656
0.26054040355171815,0.028004667241322348,221.57221794128418
0.2543237458577472,0.028818096455774773,221.6720998287201
0.2498662495179302,0.02406242910380425,221.77204036712646
0.2460038586208815,0.009230344977818015,221.87211418151855
0.38451653543544606,0.0,221.97208905220032
0.37379899808773354,0.0,222.07199096679688
0.36478521200002656,0.0,222.17191886901855
0.35483212238794115,0.0,222.27204513549805
0.34654462575327855,0.0,222.37194323539734
0.33815938973681264,0.0,222.4719579219818
0.32338556961953774,0.0,222.57203125953674
0.3129269444022903,0.0,222.67197227478027
0.30418521327606796,0.0,222.77190613746643
0.2951840029529406,0.0,222.87178921699524
0.28023505052938685,0.0,222.97180008888245
0.2699089631702364,0.0,223.07179379463196
0.2606130357983478,0.0,223.1718189716339
0.2528898691392338,0.0,223.27166438102722
0.24093316701579878,0.0,223.37170243263245
0.23196603885359357,0.0,223.4717516899109
0.22422329454967863,0.0,223.5715856552124
0.21676280904903,0.0,223.671532869339
0.20970918446939235,0.0,223.77176594734192
0.19923246810901732,0.0,223.87171053886414
0.1918275872743904,0.0,223.97165298461914
0.1851934951313482,0.0,224.0716404914856
0.17967458413118345,0.0,224.1716012954712
0.1709310460560635,0.0,224.2715027332306
0.16455088405213883,0.0,224.37141466140747
0.15864957371619817,0.0,224.47161436080933
0.15361103233287443,0.0,224.5715696811676
0.1424489484609031,0.0,224.67136597633362
0.13694876599132147,0.0,224.7713212966919
0.1317843531697235,0.0,224.87119936943054
0.12750371992506693,0.0,224.97127509117126
0.12361590386599947,0.0,225.07153987884521
0.10871068989307031,-0.026141287307990212,225.17163562774658
0.1064818635442665,-0.04200270450428911,225.2713930606842
0.10451069363370341,0.0,225.37126755714417
0.1,0.0,225.47136807441711
0.1,0.0,225.57133722305298
0.1,0.0,225.67123126983643
0.1,0.0,225.77137756347656
0.1,0.0,225.87130737304688
0.1,0.0,225.97144198417664
0.1,0.0,226.07143259048462
0.1,0.0,226.1712806224823
0.1,0.0,226.27126502990723
0.1,0.0,226.3714029788971
0.1,0.0,226.47132921218872
0.1,0.0,226.5712468624115
0.0,-0.0,226.67131114006042
0.0,-0.0,226.77132987976074
0.0,-0.0,226.8713538646698
0.0,0.0,226.97141408920288
0.0,-0.0,227.07137370109558
0.0,0.0,227.17114329338074
-0.0,-0.0,227.2713119983673
0.0,0.4,227.37129735946655
0.0,0.4,227.47143387794495
0.0,0.4,227.57128977775574
0.0,0.4,227.67129516601562
0.0,0.4013873762289537,227.77147459983826
0.0,0.446439723670262,227.87155675888062
0.0,0.4903311942570744,227.97168827056885
0.0,0.5212510607456702,228.07186460494995
0.0,0.5846118403294135,228.17206120491028
0.0,0.6296407811309079,228.27183437347412
0.0,0.7001000915571223,228.3719232082367
0.0,0.7864449820742432,228.47218680381775
0.0,0.8542595056719613,228.5724048614502
0.0,0.9571869707555676,228.6725413799286
0.0,0.9898176651886967,228.77259039878845
0.0,0.9725347065221344,228.87251114845276
0.0,0.969452585740535,228.97246146202087
0.0,1.0,229.07264471054077
0.0,1.0,229.1726496219635
0.0,1.0,229.27259516716003
0.0,1.0,229.37257027626038
0.0,0.9866793554274644,229.47271704673767
0.0,1.0,229.57272052764893
0.0,1.0,229.6726517677307
0.0,1.0,229.77242588996887
0.0,1.0,229.87269139289856
0.0,0.9790580663370609,229.97257208824158
0.0,1.0,230.07275319099426
0.0,1.0,230.17260313034058
0.0,1.0,230.27269315719604
0.0,1.0,230.37272834777832
0.0,1.0,230.47263097763062
0.0,0.9974306340951422,230.57279753684998
0.0,0.9314412018579947,230.67268323898315
0.0,0.8593748408636275,230.7726330757141
0.0,0.765096524196963,230.87280559539795
0.0,0.6693395042329833,230.97338819503784
0.0,0.5989510688119593,231.0726456642151
0.0,0.5388853679218024,231.17273211479187
0.0,0.4995645287036536,231.27234816551208
0.0,0.4623221565201307,231.37232327461243
0.0,0.44349494547949225,231.47230911254883
0.0,0.4,231.57234501838684
0.0,0.4,231.67246222496033
0.0,0.4,231.77203798294067
0.0,0.4,231.8719744682312
0.0,0.0,231.97000932693481
0.0,0.0,232.07005071640015
0.0,0.0,232.1939582824707
0.39535565869882705,0.16977726628905848,232.29636693000793
0.39605987453833225,0.1383397575271757,232.3962185382843
0.2839345745742321,0.0817853830362621,232.4963939189911
0.30137615435013865,0.12502102412675556,232.5963785648346
0.30127409647990755,0.11821750229910796,232.69624519348145
0.30135357406348184,0.07928152523542702,232.79638266563416
0.30128535165351134,0.10291298812157226,232.89613032341003
0.3013756919752506,0.09577889418915694,232.9962248802185
0.30020090886979434,0.1331754193102058,233.09618878364563
0.30120312330249166,0.08563770687109543,233.19605946540833
0.30081955842868957,0.12408322338995179,233.29620480537415
0.3011492607769035,0.10877800603446204,233.39612889289856
0.30147955012091154,0.11081223895675255,233.4964838027954
0.30063040099735305,0.0974684055698545,233.59639620780945
0.3015983085413615,0.1283511953526421,233.69636821746826
0.3011461155198889,0.1319671214018997,233.79630255699158
0.30108113335134745,0.11580838968879295,233.8963406085968
0.3013071999203274,0.10582143491820283,233.9963436126709
0.3008519344145887,0.0965310629261167,234.09639382362366
0.3012330780412883,0.15423866051592322,234.19631123542786
0.30150842474760275,0.15208292442717047,234.29633736610413
0.30016940654729085,0.1332793856137677,234.39642024040222
0.30083984642506034,0.15873818907298537,234.49641585350037
0.30050769669960253,0.14969391156184042,234.59641098976135
0.30015199412463633,0.16499963838018866,234.69657802581787
0.3015943515797862,0.19283677237598518,234.79631662368774
0.3004435350120629,0.1743008724168727,234.89651465415955
0.3001490421589955,0.12025109176572997,234.99625778198242
0.30123865579366094,0.12117353787547659,235.09642720222473
0.3001290660938666,0.11630996277457785,235.19631099700928
0.30061069505614146,0.15434850905286635,235.29620575904846
0.30143103882452404,0.09572210868722512,235.39629864692688
0.30107467897701534,0.04142958247347879,235.49646973609924
0.3006942744998793,0.018289960411034114,235.59638714790344
0.30048252336819814,-0.06952392745174861,235.69638562202454
0.3008236311944005,-0.08174725681739418,235.79631233215332
0.3002595376332404,-0.08477669452366074,235.89628553390503
0.30077669365640336,-0.08048767647460886,235.9965410232544
0.30071031847998886,0.04328378815399976,236.0964732170105
0.3005880370474263,-0.0892725033195395,236.19641757011414
0.30108338936261836,-0.08655062005119887,236.2963900566101
0.3003018783950472,-0.09454700029210036,236.39639806747437
0.3000865517190596,-0.05920405923143812,236.49647736549377
0.30003165493186057,-0.05997146158234068,236.59649395942688
0.3004274175095396,-0.06904307431296297,236.69651007652283
0.30110596871927164,-0.06865985742525048,236.7964220046997
0.3004415945073957,-0.06477570212201067,236.89646005630493
0.30003105891949633,-0.07962107619172647,236.99649000167847
0.30123776271558167,0.0,237.0966820716858
0.3003161999319376,0.0,237.19633507728577
0.3013260941012087,0.0,237.29638743400574
0.301195580275452,0.0,237.39637780189514
0.30113509516146286,0.0,237.49647116661072
0.30162575019370275,0.0,237.59636425971985
0.30062971261791216,0.0,237.696373462677
0.3015795423507135,0.0,237.79658436775208
0.30097114955111526,0.0,237.8965356349945
0.30094487907956746,0.0,237.996502161026
0.3002307993443505,0.04259140191501694,238.09645628929138
0.3008672408049733,0.03016646533812346,238.1964671611786
0.30082382206621483,0.013657850460884604,238.29648661613464
0.30089272384621146,0.007136360261785345,238.39642119407654
0.3013382199390072,0.015796261388612422,238.4966905117035
0.3001094864819812,0.0575244483341904,238.59644055366516
0.3011619850821228,0.0493529393141599,238.69665622711182
0.3004196434256531,0.09773753340552119,238.79643726348877
0.300627390419831,0.07787630667811944,238.89637231826782
0.3000190006828086,0.08214793128794744,238.99621748924255
0.30079607663190666,0.07016200995758957,239.09657096862793
0.3008216649859632,0.1042937110913427,239.19634747505188
0.3010059954005141,0.0858348873885054,239.29654479026794
0.29845287791461705,0.0869167964709432,239.39633226394653
0.29467476207326293,0.07672424010540305,239.4965205192566
0.2884112250721018,0.06996325454429574,239.59651017189026
0.28375134352236486,0.12795404960450368,239.6963608264923
0.27941696296529206,0.1191782799010214,239.79617929458618
0.2757362050145459,0.11114954909211708,239.8963918685913
0.44353338284173965,0.1671251409147915,239.99655675888062
0.4299825277527856,0.1648685044363925,240.09652662277222
0.26031287174123907,0.0877928246792994,240.1963667869568
0.2561187597264919,0.08951003076998812,240.29641723632812
0.40410631774158856,0.18287609586198075,240.39632940292358
0.3912105830112492,0.1184659149301679,240.4963538646698
0.3814342916655974,0.11199807156073419,240.5963408946991
0.3723805182363292,0.10881203944353679,240.69638657569885
0.36363616879404503,0.12544847811131105,240.79622316360474
0.3553647635333088,0.13303518407536963,240.89641189575195
0.34044680328405935,0.12772804561414217,240.9963812828064
0.33030926579865655,0.1391440133907293,241.09649801254272
0.3219682072682461,0.14596304083733178,241.19613575935364
0.313856342358303,0.14479154320923904,241.29625058174133
0.299066287063454,0.1575421576437197,241.39613437652588
0.2887226323632788,0.15408475855855566,241.49616765975952
0.2797433849225081,0.15710548091875876,241.59620308876038
0.27232380193289263,0.1634113468621906,241.69612407684326
0.2649435686657949,0.16445327048238953,241.7961003780365
0.25184779156210907,0.16353785207397056,241.89612460136414
0.2433575558522949,0.1683046097033902,241.9960436820984
0.23662097255201575,0.15896918585425926,242.0960509777069
0.2300111183026734,0.1595525439632566,242.19608092308044
0.2186806519256398,0.14932730652784046,242.2960307598114
0.21084452077852256,0.15318955622221292,242.39608001708984
0.2046034244441333,0.1578626795818931,242.49597454071045
0.19834772411862178,0.13788063683007892,242.59596180915833
0.18924101323310924,0.12803356208299332,242.69589042663574
0.18230623154310474,0.12680756622239162,242.7960102558136
0.17589704602504466,0.1250443714229684,242.89600276947021
0.17073458978495434,0.11566281177495655,242.9957733154297
0.16229958636829797,0.08671798596256655,243.09583711624146
0.15361641119590186,0.08875355446024942,243.19584941864014
0.14789903102207222,0.06746583753510522,243.2958104610443
0.1434070781673473,0.0709218862025361,243.3957953453064
0.13876242053158538,0.07343717523311312,243.495707988739
0.13195969763696005,0.052244703706942085,243.59597301483154
0.12714903711312528,0.04692264967843103,243.69574666023254
0.11138369121517493,0.1271328847659261,243.79566502571106
0.10960281179150248,0.10863513087755751,243.89585638046265
0.10783945333488865,0.11261224425152724,243.99585890769958
0.1,0.10597736529613792,244.0960202217102
0.1,0.0774148585764985,244.19569420814514
0.1,0.04996240923279208,244.29583883285522
0.1,0.012832758379609937,244.39552974700928
0.1,0.04386004382058191,244.49584460258484
0.1,0.09557696855381911,244.59567308425903
0.1,0.14269300048288538,244.6958041191101
0.1,0.12926202973252848,244.79567289352417
0.1,0.07514653676434563,244.89581871032715
0.1,0.028105730524188573,244.99571084976196
0.1,0.0,245.09579801559448
0.1,0.022276789342102227,245.19561052322388
0.1,0.06181252516413988,245.29610061645508
0.0,0.0,245.3956139087677
0.0,0.0,245.49567770957947
0.0,0.0,245.5956597328186
0.0,0.0,245.69573497772217
0.0,0.0,245.79553246498108
0.0,0.4,245.89571523666382
0.0,0.4,245.9957230091095
0.0,0.4,246.09578943252563
0.0,0.4,246.19550895690918
0.0,0.4,246.2959532737732
0.0,0.483821460499819,246.3961365222931
0.0,0.5130005845087008,246.49611568450928
0.0,0.5910292125944641,246.59633231163025
0.0,0.66264860735231,246.69637751579285
0.0,0.7173173776752906,246.7964062690735
0.0,0.6670559849096032,246.89645171165466
0.0,0.6126972874649379,246.99653100967407
0.0,0.5301751398039141,247.09664225578308
0.0,0.46730993035699697,247.19647192955017
0.0,0.4,247.2964985370636
0.0,0.4,247.3964455127716
0.0,0.4,247.49638652801514
0.0,0.4,247.59636211395264
0.0,0.4,247.69625782966614
0.0,0.4,247.79625391960144
0.0,0.4,247.89628553390503
0.0,0.0,247.99434781074524
0.0,0.0,248.09429693222046
0.0,0.0,248.19376969337463
0.40045966950710865,-0.059135866165161144,248.29629850387573
0.39773846403695645,-0.1088307395577431,248.39614295959473
0.2871314473450184,-0.06650994420051576,248.49637126922607
0.3016457866675121,-0.09216024428606034,248.5963454246521
0.30014367931626573,-0.1890676410868764,248.6961588859558
0.30018720578446756,-0.2217481013387442,248.79610562324524
0.30081251365626704,-0.2515412408270334,248.89627647399902
0.3011624789729449,-0.23793384495534392,248.99631190299988
0.30030900842427377,-0.22753715295540655,249.09644222259521
0.30008540115393323,-0.23224214809505558,249.19653916358948
0.3012700122440751,-0.22559548514453986,249.296972990036
0.30037970240220013,-0.22532810898203595,249.39610290527344
0.3012335220111636,-0.24718098507115716,249.49621725082397
0.3011334319238045,-0.25080173537135125,249.5962951183319
0.30113107751575774,-0.23370505751747836,249.69632601737976
0.30040710925025027,-0.2538205522455667,249.79630708694458
0.30134406913635525,-0.24677938850302447,249.89621424674988
0.3011086023335128,-0.23771310480017407,249.99628591537476
0.3011894193646757,-0.2203938623007975,250.09650874137878
0.30099219745523154,-0.21713503795234776,250.19629454612732
0.3016115784234167,-0.2056244469002673,250.29627585411072
0.30079545368323146,-0.21455735775985213,250.39633965492249
0.30080246711216185,-0.24674726905007108,250.49664783477783
0.30076899880062813,-0.23593679235169762,250.59748148918152
0.29956261357268155,-0.23305322112221466,250.6960961818695
0.29544188552890416,-0.22720388950485934,250.7961618900299
0.29193255536392926,-0.23085190983195053,250.8961637020111
0.2886564115157012,-0.21985523747770408,250.9962420463562
0.28315111621605227,-0.19056898418225737,251.09642958641052
0.2791359089364017,-0.2290368412670336,251.1967499256134
0.2755073951113034,-0.2220136334237299,251.29624676704407
0.27201451086000605,-0.21372389111079665,251.39627814292908
0.4375132617769764,-0.238587911897584,251.49619889259338
0.4258907986854488,-0.22159302015053597,251.59623551368713
0.41756075829505035,-0.21888064667582513,251.69625902175903
0.2550943282171798,-0.18672293871641157,251.79612350463867
0.25125190756122595,-0.1709089267998934,251.89621472358704
0.38906260330418174,-0.16164822939195128,251.99619317054749
0.3799643022712029,-0.1756101200455113,252.0962643623352
0.37222233060817156,-0.17396881127435906,252.1961510181427
0.36424344527047525,-0.17622859824301773,252.29606699943542
0.35193946199534676,-0.1735703617334366,252.39614152908325
0.34210033127392897,-0.19550633036384457,252.49609351158142
0.33256315559230243,-0.2040073459673869,252.5962700843811
0.3247911424383905,-0.19259464250583397,252.69598150253296
0.3168296787935679,-0.21388314456531876,252.79604244232178
0.30549169648665236,-0.22238805027384503,252.89606928825378
0.2961465889974911,-0.23346561075825442,252.99618554115295
0.28861456368662863,-0.22158735127825485,253.09956216812134
0.28101107244231677,-0.22718920903770548,253.1960244178772
0.26950532856794346,-0.23934019521663064,253.29563903808594
0.2611645685971257,-0.2365022932228289,253.3959767818451
0.2535544845210686,-0.23303481999196501,253.49591779708862
0.247111162394307,-0.2466266264256678,253.59582257270813
0.24087313202580943,-0.23904377284802886,253.69588780403137
0.22966039324460008,-0.25331600073136784,253.79559707641602
0.22232537389484605,-0.24261628154077025,253.89576721191406
0.21607716177824024,-0.2375552930329975,253.9957287311554
0.21043230668971827,-0.2488373169773503,254.09629845619202
0.20082064989276324,-0.23045849015838216,254.19577193260193
0.19391881787418808,-0.22497743791655486,254.29639601707458
0.18793719258063876,-0.2359083635242361,254.39592003822327
0.18273137152022903,-0.23534073076750098,254.49625635147095
0.1771611943410927,-0.2137814150044792,254.59632301330566
0.1682157977841402,-0.2087297453692084,254.6958932876587
0.16220765170435406,-0.2389739794166464,254.7962131500244
0.1573914195798271,-0.2280383571198111,254.89591264724731
0.15277815626498045,-0.2301423563768988,254.99799752235413
0.14500212818173797,-0.07986913276346096,255.09628105163574
0.13969184637741908,-0.19896003180428545,255.1982319355011
0.1352715103338714,-0.2101968093922263,255.29612708091736
0.1309572920675994,-0.04014923258831617,255.3964922428131
0.11240581898553981,-0.10650903488460331,255.49672293663025
0.11010204221401876,-0.14283545456434543,255.5961709022522
0.1158854156221987,0.009086865657254327,255.69561910629272
0.11255976159268416,0.02175944180865044,255.79565405845642
0.10940404272154039,0.01877679738559226,255.8971607685089
0.1,0.0,255.99733209609985
0.1,0.05206130225407452,256.0954761505127
0.1,0.008347053590573772,256.1951630115509
0.1,0.0,256.2951889038086
0.1,0.0,256.3953387737274
0.1,0.0,256.495512008667
0.1,0.0,256.5952773094177
0.1,0.01727670295850228,256.6955552101135
0.1,0.0,256.79539227485657
0.1,-0.15730879798004596,256.89553356170654
0.1,-0.13888522396354297,256.9955940246582
0.1,-0.11566264888173648,257.0956645011902
0.0,0.0,257.1941680908203
0.0,0.0,257.2940604686737
0.0,0.0,257.3458831310272
0.45283021926879885,0.018080375696483433,257.44896245002747
0.43316991403698923,0.028137704024189424,257.5484220981598
0.49089939296245577,0.03814941323117205,257.64830207824707
0.5001893029762595,0.0106375118619517,257.7483744621277
0.5029284402654239,-0.01710619557844968,257.8483512401581
0.5006420035838183,0.0,257.9485058784485
0.5002377637248915,-0.016097683939886722,258.04850721359253
0.5030676439440416,-0.04856581766354412,258.1484868526459
0.5000893082389756,-0.04868361873454169,258.2483880519867
0.5001911715007663,-0.06789783165839157,258.3484025001526
0.49665045329610147,0.010595892949066564,258.4482390880585
0.4861674292651044,0.02324417374635996,258.5485167503357
0.4759124220480396,0.014750071379699217,258.6483242511749
0.46741841811262536,0.026643888573897496,258.7481861114502
0.4545008562740465,0.015042538333096014,258.84832859039307
0.4440355900928591,0.024842567320324867,258.9482548236847
0.4336536197269614,0.009659119139695048,259.04817819595337
0.4243399468719441,0.014489247944009933,259.14815187454224
0.41256381136138437,0.015405534345068441,259.2480432987213
0.40210048435023255,0.03080231092478098,259.3481819629669
0.3915578228179488,0.020047201324058204,259.4481101036072
0.3817688648083184,0.029919869805637163,259.5482063293457
0.3734001502152944,0.03353107122606354,259.64813899993896
0.36012639981660866,0.02259374647156188,259.7480614185333
0.3496122122342755,0.017226276468289527,259.84815645217896
0.3392553570192625,0.03326968608644643,259.9481511116028
0.3327009391845864,0.013251981217610198,260.0482699871063
0.31999302048114475,0.0032609081974155005,260.14803552627563
0.3095375964785226,0.01327223402055863,260.247967004776
0.2990510148501404,0.019003678593588504,260.34803438186646
0.28953364596390885,0.022585507060744258,260.4479956626892
0.2771508438739444,0.009828527589132517,260.5480935573578
0.2679425566133893,0.0089891473321538,260.6480884552002
0.2580800947106049,0.013028511326563987,260.74788904190063
0.2490400400741931,0.008584242095974713,260.84793996810913
0.24166239283676008,0.022052090164077914,260.94800877571106
0.2303404092402128,0.0,261.0481343269348
0.22173627593929857,0.006042611304866628,261.1480875015259
0.21342841924747138,0.0,261.24801564216614
0.20646226393733588,0.015413723435056838,261.34803915023804
0.1976441785904202,0.0,261.44811391830444
0.1903003551694766,0.012591915452656777,261.5481104850769
0.18317897366253208,0.0,261.6479961872101
0.1769515738811902,0.0,261.74790716171265
0.17159020712186637,0.0,261.8479995727539
0.16823200643942224,0.0,261.94779753685
0.16215430914869924,0.0,262.0479054450989
0.15630690229449348,0.023093274372972938,262.1480531692505
0.15146014887497597,0.0,262.247843503952
0.14491154282066995,0.0,262.3477602005005
0.13945607985433356,0.0033916453683846756,262.4480314254761
0.13418646875111626,0.0,262.54769945144653
0.12973172265807467,0.0,262.64787888526917
0.12429617258032716,0.00924502663853529,262.74784445762634
0.11971490147191616,0.0,262.84767055511475
0.11525198939937317,0.0,262.94764590263367
0.105613987139794,0.09439504180183192,263.04774713516235
0.1,0.13132795664040664,263.1477761268616
0.1,0.0309693864693767,263.2476007938385
0.1,0.0,263.3477272987366
0.1,0.19778486223597277,263.4477970600128
0.1,0.1811301472939943,263.54784059524536
0.1,0.1417849311703129,263.6477942466736
0.1,0.07742981189175653,263.74775314331055
0.1,0.0,263.84780049324036
0.1,0.0,263.9478585720062
0.1,0.0,264.04768562316895
0.1,0.0,264.1476802825928
0.1,0.0,264.2477641105652
0.0,0.0,264.34780168533325
0.0,0.0,264.4478096961975
0.0,0.0,264.5481357574463
0.0,0.0,264.64778089523315
0.0,-0.0,264.747656583786
0.0,0.0,264.84763407707214
-0.0,-0.0,264.9477388858795
-0.0,-0.0,265.04766941070557
0.0,-0.4,265.1477081775665
0.0,-0.4,265.2477114200592
0.0,-0.4,265.34760665893555
0.0,-0.46960353059002047,265.4480803012848
0.0,-0.40408401919095144,265.5479438304901
0.0,-0.42814315439538664,265.6480243206024
0.0,-0.4880824461829954,265.7481758594513
0.0,-0.5346920442006229,265.84823417663574
0.0,-0.5761088303903266,265.9484052658081
0.0,-0.6345328318690648,266.04844427108765
0.0,-0.7016626430805968,266.14851117134094
0.0,-0.6615019990365578,266.24853134155273
0.0,-0.5829338366252816,266.34860944747925
0.0,-0.5362676312918211,266.4487147331238
0.0,-0.5005969429667487,266.548996925354
0.0,-0.43220422808162445,266.6486213207245
0.0,-0.4,266.7484447956085
0.0,-0.4,266.848429441452
0.0,-0.4,266.9485535621643
0.0,-0.4,267.04856753349304
0.0,-0.4,267.1481499671936
0.0,0.0,267.2464370727539
0.0,0.0,267.34636640548706
0.0,0.0,267.43396282196045
0.40190145615488293,0.024919548787568812,267.5369145870209
0.3962564196903259,0.0751330645460832,267.6366603374481
0.3011021723494949,0.0,267.73670744895935
0.3005696428132072,0.10122829558033694,267.8367369174957
0.3010884524489664,0.1130989889957403,267.9366602897644
0.30105316984559194,0.10295597247191164,268.0369143486023
0.3013505907467,0.10821082313594063,268.1365773677826
0.3000171605453589,0.10956037287649352,268.2366690635681
0.30086288033025155,0.10128473631645502,268.3365726470947
0.3003533155549941,0.09159483066514915,268.43648505210876
0.3002812440060405,0.0979569000633139,268.53698921203613
0.3004695156394471,0.09622421076423242,268.6366558074951
0.3011695247807722,0.1420851514135536,268.73707604408264
0.30062130649394536,0.14462647836067172,268.8368706703186
0.30105313078805584,0.13049374301182592,268.9366521835327
0.30139114810510803,0.1284784838949379,269.03832840919495
0.3003767468465739,0.1268733391636296,269.1368453502655
0.30000196760797115,0.12023188044366079,269.2374622821808
0.3010937041752725,0.13195851598131025,269.336877822876
0.30012900640834583,0.1232962036603375,269.44098377227783
0.3006437152778725,0.12876936201202238,269.5371141433716
0.30004467323760287,0.1199523756378575,269.6366422176361
0.3014062752069073,0.1284781159931107,269.7366261482239
0.30018339059898114,0.1116735633266599,269.8366348743439
0.30056239109186256,0.10559877996381958,269.9366772174835
0.30144240170207137,0.1533956533984134,270.0367271900177
0.3010609839614048,0.14713883925425378,270.13701486587524
0.3004417576187416,0.14180676137146192,270.2372398376465
0.30050956210774427,0.15044588003503645,270.33687233924866
0.3011915056910054,0.12718597952472532,270.4365601539612
0.30061542931362595,0.13155493755873876,270.53679871559143
0.30029302923737855,0.13196849975931013,270.6365900039673
0.3005927403710177,0.1135650152438565,270.73623394966125
0.3011150361336373,0.11996732150253493,270.8364887237549
0.3005218401830828,0.11476367300278259,270.9365735054016
0.300067824501853,0.10611884911593637,271.03660440444946
0.3006098653225424,0.09172439908510757,271.136510848999
0.3009497698141895,0.08837639591411536,271.23651480674744
0.3000187385051043,0.08599992057210518,271.33669447898865
0.30096592670545586,0.08587372636324479,271.43655824661255
0.3005846569279612,0.08867444993045769,271.536696434021
0.30052919124089383,0.07426978235966279,271.6365854740143
0.2991775435285995,0.05975770628766008,271.7366187572479
0.2952968401914613,0.05698236501530596,271.83658623695374
0.2915777021599032,0.06642273029214454,271.93675923347473
0.2851248465920574,0.06881684115842765,272.03679871559143
0.28037601373807464,0.06066235019580313,272.1366250514984
0.27627516721654044,0.052790363799584517,272.2365629673004
0.2722193299333968,0.0629418655445701,272.3366870880127
0.43704156273748046,-0.039512234377233627,272.4371392726898
0.42854315293932116,-0.05752182532297939,272.53680086135864
0.41911760117723673,-0.025081239130936142,272.6367540359497
0.41069276983027764,-0.03857870078400562,272.7367238998413
0.4024035300335785,-0.03922627311886141,272.8366787433624
0.3880103991125208,0.0465566330393286,272.9367141723633
0.37749959446699266,0.05363085267967299,273.03657245635986
0.36830363920113074,0.05615019293403939,273.13662362098694
0.3599486334398434,0.048348938188466584,273.2364625930786
0.34619534676982266,0.06307445706701592,273.33653235435486
0.3357904406804773,0.06606407334145745,273.43638372421265
0.326127171672861,0.07043104349684558,273.536682844162
0.31721702085204945,0.07321113495058133,273.6365478038788
0.30892901910018683,0.05616266474029735,273.736656665802
0.2967867833907122,0.06046211121505813,273.83655858039856
0.28736381083541246,0.06779730560159995,273.9363281726837
0.2788677241535232,0.06502029350713678,274.0363657474518
0.2708550392407769,0.05744496225134321,274.1364018917084
0.25766756702605087,0.05174365780855477,274.23702001571655
0.24813227142454794,0.06290743923500963,274.3363149166107
0.23991380578457724,0.0475919456074112,274.4361343383789
0.23281395765220728,0.05349867655650564,274.5364017486572
0.22176903390369204,0.06013569100514838,274.6362407207489
0.213533877355399,0.06253376371766388,274.73633909225464
0.20608311260070164,0.04477761544679337,274.83649945259094
0.19955254043801665,0.04971461511756243,274.9362037181854
0.19361088510035374,0.04489168011044198,275.03629088401794
0.18374642124766746,0.03732169741078424,275.13618779182434
0.17691594085652285,0.03442573406194384,275.2361624240875
0.17126942144504775,0.0531662828436023,275.33617520332336
0.16615145339336634,0.0483120731225139,275.43594765663147
0.1624434315018344,0.018425490197382453,275.5362296104431
0.15657236995281873,0.0,275.6359558105469
0.15127489617957426,0.0,275.7359857559204
0.14652411619115804,0.0,275.8362603187561
0.14219501933616183,0.0,275.9359076023102
0.1348730092385829,0.0,276.0360493659973
0.12988883909505441,0.0,276.13582038879395
0.1258280571108452,0.0,276.2361385822296
0.12200856566426374,0.0,276.33607602119446
0.11580352916187267,0.0,276.4359700679779
0.11152717159603867,0.0,276.5360667705536
0.10789740238253284,0.0,276.63593435287476
0.10227067260565072,0.0,276.73603415489197
0.1,0.0,276.8359229564667
0.1,0.1631454864859973,276.9359405040741
0.1,0.163371459335873,277.0360188484192
0.1,0.17904879125325304,277.1361620426178
0.1,0.2503078968901383,277.23616766929626
0.1,0.12763217977787317,277.3360478878021
0.1,0.3053636194843995,277.435870885849
0.1,0.3253406973261582,277.536004781723
0.1,0.3489899967846118,277.63611483573914
0.1,0.0203700691461563,277.7361123561859
0.0,0.0547287433609438,277.83630657196045
0.0,0.03655296341443995,277.9358298778534
0.0,0.0,278.0359401702881
0.0,0.0,278.1359832286835
0.0,0.0,278.2358868122101
0.0,0.0,278.3358051776886
0.0,0.4,278.4359772205353
0.0,0.4,278.53595328330994
0.0,0.4,278.6359803676605
0.0,0.4,278.73599100112915
0.0,0.4,278.8361692428589
0.0,0.45425559701666984,278.93627309799194
0.0,0.49133106875052074,279.03629207611084
0.0,0.5546109660956022,279.1363515853882
0.0,0.5741171880257143,279.2364721298218
0.0,0.6839373579487522,279.33667516708374
0.0,0.7154711116068873,279.43663811683655
0.0,0.8458399810557586,279.53691124916077
0.0,0.8653095666049297,279.63682794570923
0.0,0.8663066303479805,279.73671650886536
0.0,0.955737895851547,279.8369722366333
0.0,0.9547412484866371,279.9370300769806
0.0,0.970259538718532,280.0369200706482
0.0,1.0,280.1370270252228
0.0,1.0,280.23707485198975
0.0,1.0,280.3374090194702
0.0,1.0,280.437148809433
0.0,1.0,280.53777503967285
0.0,1.0,280.6372003555298
0.0,1.0,280.73712730407715
0.0,0.9641233505307094,280.8370931148529
0.0,0.9824820493896935,280.9370307922363
0.0,0.976217084615749,281.0371882915497
0.0,1.0,281.13740396499634
0.0,0.9952954403815841,281.2370500564575
0.0,0.9954301433976525,281.336900472641
0.0,0.9637751313073011,281.4369249343872
0.0,0.9012113481394568,281.53686332702637
0.0,0.7897653243036418,281.63701009750366
0.0,0.7071240548385482,281.737074136734
0.0,0.6368104816722711,281.8370852470398
0.0,0.6118188055400324,281.93701553344727
0.0,0.5401394656416401,282.0370681285858
0.0,0.5472229938786315,282.1370122432709
0.0,0.456303992269487,282.2368323802948
0.0,0.42925940295290327,282.33678579330444
0.0,0.4,282.4366579055786
0.0,0.4,282.53663444519043
0.0,0.0,282.6344437599182
0.0,0.0,282.73443388938904
0.0,0.0,282.83592534065247
0.39461508542299273,-0.034252581000328075,282.93831181526184
0.39167865794152024,-0.10042995661497117,283.0383334159851
0.30145389513707455,-0.0871617838740349,283.13847517967224
0.30147260929363395,-0.10921556204557419,283.2384521961212
0.30068481794045954,-0.17634068317711354,283.33849120140076
0.30041594229810453,-0.20961390882730488,283.4382791519165
0.30139108666201975,-0.2855281427502632,283.5383801460266
0.30134087767322426,-0.3222781613469124,283.6383752822876
0.3011584698394658,-0.35647585690021516,283.7384104728699
0.3008677506270734,-0.277809323527311,283.8384974002838
0.30037029420883643,-0.32203637510538097,283.93845891952515
0.3002014981715373,-0.30565625131130225,284.03853249549866
0.30062253068079414,-0.29645678848028184,284.1387851238251
0.3010544599258369,-0.2891430675983429,284.2385971546173
0.30075868517509663,-0.2935568138957024,284.33859062194824
0.3005185773951695,-0.31098096519708635,284.4385437965393
0.30070949850373396,-0.3161589100956917,284.53858828544617
0.30113315076108094,-0.31338603496551515,284.63863253593445
0.30115268517867566,-0.30632044076919557,284.7384934425354
0.3008407125374515,-0.28849616348743445,284.83860778808594
0.5001920896280228,-0.32506908178329463,284.93856024742126
0.5009605587257138,-0.33744831085205074,285.03871488571167
0.3006262197071571,-0.16001091599464418,285.138471364975
0.3013041881073647,-0.1696226175874472,285.23847460746765
0.30013681830092753,-0.215900444239378,285.3385396003723
0.3014684685752772,-0.23724549338221557,285.43835377693176
0.30089893088770103,-0.28646053820848466,285.5387153625488
0.3014918269708401,-0.2639821216464043,285.6384415626526
0.30074283670922175,-0.28807384222745896,285.738422870636
0.30052740704043346,-0.2928165093064308,285.83844780921936
0.30064099276104916,-0.25478521154115075,285.9384882450104
0.3004362364613371,-0.29088877588510514,286.03860902786255
0.30129273862780614,-0.28714934438467027,286.1385266780853
0.3007958551197599,-0.2924376174807548,286.2385628223419
0.30087105495257416,-0.30513226687908174,286.33859753608704
0.501678961612092,-0.28539630935380333,286.4384617805481
0.5003497124537656,-0.3041465699672699,286.53856229782104
0.3013378135809608,-0.17344569861888887,286.63849925994873
0.30078030505136555,-0.15428775341102952,286.7384979724884
0.3003335037036484,-0.19697932036299454,286.83833360671997
0.3007811207155824,-0.247579113394022,286.93846464157104
0.3008959878670665,-0.2669082999229431,287.03856468200684
0.3006795112659675,-0.26376537680625917,287.13863587379456
0.30052895912490707,-0.28461260795593263,287.2384843826294
0.3014825935585749,-0.24689195187468277,287.33854484558105
0.5012281581794588,-0.27382312134692544,287.4385998249054
0.5000005763433862,-0.28538904786109925,287.5386538505554
0.30126222557488314,-0.16812820434570314,287.638423204422
0.3009011772654001,-0.13573965132236482,287.7386529445648
0.3008512860925078,-0.2029738535810458,287.8385965824127
0.3015685707686522,-0.17527222329456554,287.9383211135864
0.5011354425318008,-0.25514224336335534,288.0386209487915
0.5006345703417694,-0.2755814611911774,288.1385169029236
0.30061819397932255,-0.13761714547872544,288.23870968818665
0.30052874919277317,-0.18710748739540578,288.33863258361816
0.5001670870203127,-0.2333258146126019,288.4385313987732
0.30087323044071734,-0.24055127874016763,288.5386772155762
0.30149684588033165,-0.18108444549143315,288.6387469768524
0.30148688138058644,-0.23268305212259296,288.7386598587036
0.3000594223773837,-0.1948456221897351,288.8385033607483
0.5022173205624497,-0.2616856180131435,288.9384648799896
0.5012425554707104,-0.28925001323223115,289.0384452342987
0.3004258027307085,-0.19114727415144442,289.13842606544495
0.3001963622323799,-0.1499972015619278,289.2383213043213
0.30072676132442167,-0.22492603659629823,289.3383238315582
0.50295296416569,-0.2851634591817856,289.4381902217865
0.5020607306509283,-0.23084897622466086,289.53842306137085
0.30048975532584443,-0.1399717579938863,289.6385328769684
0.29876950114562995,-0.1622290515978085,289.7384717464447
0.2949687871492003,-0.19507096590180145,289.8384165763855
0.48232352420207897,-0.22366777881979946,289.93844079971313
0.4685076398473323,-0.25917074158787734,290.03866267204285
0.45915510183408964,-0.19148157145828013,290.1386377811432
0.4512653003729877,-0.1705481342971325,290.23846077919006
0.44304187726068267,-0.20725483288988472,290.33857250213623
0.43072556270943313,-0.19807025049813093,290.4386236667633
0.4212228170243485,-0.18181499168276788,290.53844952583313
0.41225547390278267,-0.2173519626259804,290.63846373558044
0.40481488701691265,-0.2030127614736557,290.73846888542175
0.3973720390614388,-0.1908806821331382,290.83829402923584
0.3839336237521148,-0.20015744545089545,290.93830704689026
0.37476323167730796,-0.194436691980809,291.038428068161
0.36745780066547185,-0.20291358400136233,291.13824105262756
0.35956402733253046,-0.17754462063312532,291.23827838897705
0.3475987171119,-0.1946091501042247,291.3384008407593
0.33888395914363056,-0.20469682039693002,291.438458442688
0.3309707556076242,-0.22988007478415967,291.5383987426758
0.32432888110035557,-0.22726186625659467,291.63835763931274
0.3179796412010239,-0.24048199951648713,291.7384123802185
0.3061495239971294,-0.23932812064886094,291.83819246292114
0.29876870062685895,-0.30152570158243186,291.9381203651428
0.29285061541869295,-0.3197716891765595,292.03836154937744
0.28705264376323425,-0.28968162536621095,292.1381525993347
0.27720710980932384,-0.29487175941467286,292.2381944656372
0.2705792525232776,-0.3268124729394913,292.3381316661835
0.2652751520051189,-0.3225924864411354,292.4380557537079
0.25984220290643795,-0.34012666046619416,292.538170337677
0.2519868611379053,-0.3671749949455261,292.6381981372833
0.24628270506301694,-0.375684466958046,292.7381646633148
0.24096859440772714,-0.3848597079515457,292.8381357192993
0.23674704149439074,-0.3940835267305374,292.9380798339844
0.23255635025916468,-0.42773995995521547,293.0387146472931
0.22511898472775646,-0.4312810271978379,293.1383340358734
0.2202072507236218,-0.4514291703701019,293.2380712032318
0.21631841335134513,-0.45161200761795045,293.33818340301514
0.21220305282807916,-0.4709890902042389,293.4382236003876
0.20598046630337277,-0.48116300702095033,293.5381669998169
0.20134001632356843,-0.5,293.6381754875183
0.1972563550760549,-0.5,293.7382798194885
0.19368732296475752,-0.5,293.8383436203003
0.18807138120658387,-0.5,293.93818950653076
0.18378001271306943,-0.5,294.03825879096985
0.18071221671971546,-0.5,294.1382598876953
0.17738215872640015,-0.5,294.238361120224
0.17395161892999297,-0.5,294.3381714820862
0.16835923824102564,-0.5,294.438193321228
0.16422485966633552,-0.4818531080296165,294.53843545913696
0.1607101630800752,-0.48224485485177293,294.6383213996887
0.15751733649676466,-0.46810219664322705,294.73842191696167
0.1521364456709301,-0.46336720993644315,294.8384120464325
0.14807602110027365,-0.4503514434161938,294.93831396102905
0.14435693732245644,-0.4310871086622538,295.038272857666
0.1411820591961164,-0.42328238800952306,295.13845682144165
0.13782805732285522,-0.39951588229129187,295.23895597457886
0.13251399497340047,-0.3799253203366933,295.338166475296
0.12858287593815274,-0.3725967410363651,295.43825364112854
0.12475263184225971,-0.3598125721278945,295.5383245944977
0.121346410973599,-0.36436849863905674,295.6384425163269
0.10798456253203106,-0.3065170796293962,295.7381970882416
0.10594768136375524,-0.34670231969732995,295.8382353782654
0.1,-0.27707472223984564,295.93816471099854
0.1,-0.327836324352967,296.0384039878845
0.1,-0.30177927330920573,296.1385335922241
0.1,-0.27021034642269726,296.2382016181946
0.1,-0.2526803201750707,296.3383946418762
0.1,-0.2463265669973275,296.43812918663025
0.1,-0.22290480638805177,296.53837871551514
0.1,0.0,296.63807439804077
0.1,0.0,296.73802495002747
0.1,0.0,296.8379421234131
0.1,0.03663729476301298,296.93780636787415
0.1,-0.14128378276762202,297.0379180908203
0.1,0.06595390725292659,297.13770151138306
0.0,-0.0,297.237815618515
0.0,-0.0,297.3377652168274
0.0,-0.0,297.43781447410583
0.0,-0.0,297.53778886795044
0.0,0.0,297.6376848220825
0.0,0.4,297.737854719162
0.0,0.4,297.83775210380554
0.0,0.4,297.9376611709595
0.0,0.4,298.03815031051636
0.0,0.41301946881328505,298.1379415988922
0.0,0.49122176548767227,298.238144159317
0.0,0.4606338705554742,298.33802938461304
0.0,0.46638001904853177,298.43793869018555
0.0,0.5401519305747462,298.53805136680603
0.0,0.5914024580245083,298.6387240886688
0.0,0.6400221290698442,298.73846554756165
0.0,0.7456216973636312,298.83847856521606
0.0,0.7701092892665007,298.93861627578735
0.0,0.8901133458769981,299.0388557910919
0.0,0.9564535791314883,299.1398184299469
0.0,1.0,299.2389442920685
0.0,0.9903367453977967,299.3388845920563
0.0,1.0,299.44058060646057
0.0,1.0,299.53897738456726
0.0,0.9053497554501542,299.63898181915283
0.0,0.8208859102983652,299.7415614128113
0.0,0.7426833559812547,299.83883023262024
0.0,0.6780096298282388,299.9399812221527
0.0,0.5937081526865606,300.0392744541168
0.0,0.5832012159974649,300.14337038993835
0.0,0.5224735176651285,300.2386450767517
0.0,0.4267094903372814,300.3385670185089
0.0,0.4002166402566088,300.4393594264984
0.0,0.4,300.53851532936096
0.0,0.4,300.63844537734985
0.0,0.4,300.7383258342743
0.0,0.0,300.83660888671875
0.0,0.0,300.9363386631012
0.0,0.0,301.0568459033966
0.39494130490347745,-0.020780456066131603,301.1594092845917
0.3990506861940958,-0.03695699815687383,301.2592604160309
0.2833537757396698,-0.059829855122064304,301.35935044288635
0.30060278114422234,-0.06950659367598987,301.4593164920807
0.3008728549887898,-0.06853813644694655,301.55944776535034
0.3008486386460122,-0.07122436991010447,301.6592209339142
0.3006261113774258,-0.06531570346927953,301.75929951667786
0.30098677182997924,-0.07332497513607926,301.8593306541443
0.3004048224699848,-0.05953150020029984,301.9595432281494
0.3014401157311539,-0.0653324169547934,302.0595898628235
0.301390794402706,-0.06598290659879379,302.1593418121338
0.30151441758942965,-0.09015116711196143,302.2595760822296
0.3008078633705885,-0.07677252269104903,302.35940623283386
0.300219956676689,-0.07600507563666291,302.45942401885986
0.300076272928978,-0.08250715916878297,302.55941009521484
0.30033977990866245,-0.08665184637433601,302.65933895111084
0.3005993988545246,-0.0871864115329165,302.7594392299652
0.30156598427809844,-0.0853194934757132,302.8592891693115
0.30089036376623046,-0.08473189508444381,302.9593274593353
0.30033545770940107,-0.07142401537612862,303.0594937801361
0.3004943628160949,-0.06759457713679261,303.15944385528564
0.3000109508751929,-0.06475979513243622,303.2593789100647
0.3011666536523514,-0.06625276482418961,303.3593990802765
0.30117112163779625,-0.07172014242724366,303.4593629837036
0.30135026632694584,-0.0522766946962005,303.5593583583832
0.3005371396117752,-0.06508642675257041,303.6594705581665
0.3003071478616881,-0.10558614750441749,303.75955843925476
0.3015220929355438,-0.09839336817201813,303.85959482192993
0.3011062541466769,-0.10147017856177527,303.9596951007843
0.3002109651787249,-0.0885199826014669,304.05959725379944
0.30106647228298444,-0.10433797126537869,304.1594669818878
0.2972792949520089,-0.08958770295507026,304.25943064689636
0.29051191726864367,-0.06081144748941847,304.35945200920105
0.2857911866658511,-0.09583347251540732,304.4594216346741
0.2819068199988959,-0.08184909408814026,304.55950927734375
0.27790886685253224,-0.0891436157257933,304.65938425064087
0.27186244672663107,-0.07666421732620186,304.75941133499146
0.26726035829903816,-0.07414213246420806,304.859258890152
0.26294469303162793,-0.08156455731705614,304.95937180519104
0.2593544086236148,-0.08408840886856377,305.0594608783722
0.255842922149916,-0.07620394088720016,305.15931487083435
0.2493593377257695,-0.06106138088201218,305.2592930793762
0.2472188682631735,-0.12485420664674354,305.359304189682
0.3876368385440605,-0.12445688208467079,305.4591143131256
0.38036169534379494,-0.11267927892898251,305.55907583236694
0.3683600503635145,-0.12104431881912443,305.6590793132782
0.3589061861088756,-0.1041234970484909,305.7592532634735
0.350093391424821,-0.11253204169242004,305.8592095375061
0.34221868678424777,-0.12798083083410014,305.9592001438141
0.33412861802856103,-0.137445993970859,306.05909395217896
0.3188306424872696,-0.13593812535860034,306.1592516899109
0.309258456360672,-0.14095622742254482,306.25915122032166
0.30131503910027785,-0.14737938779749363,306.35910511016846
0.29338899278446845,-0.14327335510598982,306.4591941833496
0.2795198282975837,-0.15362864140617213,306.5590937137604
0.2701258555448596,-0.15604816157566867,306.65901255607605
0.2622001202440122,-0.14790882413324552,306.75906205177307
0.2550288989668689,-0.1528619179600163,306.8590838909149
0.24794411063777413,-0.1465241057308096,306.95895409584045
0.2357997446486845,-0.18479537744271124,307.05903720855713
0.22816352268839102,-0.1874538535350247,307.1590392589569
0.221768006953988,-0.18502754961189466,307.25896310806274
0.21543160701938716,-0.1700090613020093,307.3589012622833
0.20414562756583277,-0.17357512241915649,307.45896434783936
0.19698032161690945,-0.17719221538618982,307.55885767936707
0.19128136918910374,-0.15934704385305698,307.6589050292969
0.1852873395370328,-0.15529946841691658,307.7587888240814
0.17633189153528495,-0.14330844157620473,307.85885310173035
0.1699420661042694,-0.16450940213705356,307.9588840007782
0.16422887284551915,-0.14014731206391978,308.0589199066162
0.1592830053780566,-0.1384123400637977,308.158851146698
0.15449011255534198,-0.14586323358510658,308.25876545906067
0.14594423835420398,-0.13307234221383135,308.3588945865631
0.14075387261804576,-0.13161585801526113,308.4587495326996
0.1365784985053735,-0.11134600215836567,308.5586893558502
0.13244610993275815,-0.11164371245785756,308.6587131023407
0.12530943060486224,-0.09870431893750232,308.75881338119507
0.12062548079633845,-0.10446466364358592,308.8587040901184
0.1170645827236522,0.0,308.9586958885193
0.11336673585785642,0.0,309.0587360858917
0.10389947145451106,0.0,309.1583983898163
0.10189116279396476,0.03169178743111463,309.25866317749023
0.1,0.028712446438638805,309.3585901260376
0.1,0.0,309.45864033699036
0.1,0.05844064486262046,309.5585253238678
0.1,0.06429454368588172,309.6587245464325
0.1,0.0800204557464703,309.75848603248596
0.1,0.07587574196881368,309.8585522174835
0.1,0.0,309.9585003852844
0.1,0.06108173778966852,310.0585849285126
0.1,0.0,310.15852332115173
0.1,0.07248971385783268,310.2585747241974
0.1,0.07616881920073769,310.35859060287476
0.0,0.0,310.4584918022156
0.0,0.0,310.5586214065552
0.0,0.0,310.65856099128723
0.0,0.0,310.75863671302795
0.0,0.0,310.8585991859436
0.0,0.0,310.95862221717834
0.0,0.4,311.0585882663727
0.0,0.4,311.15860414505005
0.0,0.4,311.2587158679962
0.0,0.4,311.3586628437042
0.0,0.4,311.45876240730286
0.0,0.4,311.5589644908905
0.0,0.4,311.65893959999084
0.0,0.4,311.758944272995
0.0,0.4,311.8591046333313
0.0,0.4,311.9590091705322
0.0,0.4,312.05902671813965
0.0,0.4,312.159220457077
0.0,0.0,312.25728130340576
0.0,0.0,312.35733819007874
0.0,0.0,312.4689145088196
0.3931323784403503,0.15951928637529672,312.5712978839874
0.39459327291697266,0.14844125752386292,312.6714246273041
0.2950173206627369,0.180823950547921,312.7715790271759
0.30092439299635554,0.1682585371168036,312.8714635372162
0.30165328038832007,0.1631101067913206,312.9715552330017
0.30153891999016047,0.13698765596276832,313.07116746902466
0.30080082347303994,0.1352571543110044,313.1712439060211
0.300194739660925,0.13393531237777906,313.2716886997223
0.30008523125414066,0.11886272540217946,313.3712692260742
0.30116316996874637,0.11864023616439413,313.471777677536
0.3000267597029057,0.11553990711507041,313.5713720321655
0.3005948094316847,0.09781506990915846,313.6713104248047
0.3016173646626744,0.09918712412840439,313.7716419696808
0.30130891256828074,0.09597846826440405,313.87134170532227
0.30162502874738617,0.09704386872288426,313.971483707428
0.3000780002933803,0.06702232964729005,314.07174849510193
0.3008904920690526,0.07494663780457093,314.17178440093994
0.3004948112748502,0.07386464027589872,314.2752206325531
0.3008890192800513,0.049509903925814114,314.3744697570801
0.301015101892284,0.05481257803345979,314.47510600090027
0.30135839069909187,0.04137723102773489,314.5759515762329
0.3005106821131278,0.03896021052802864,314.6750144958496
0.30006271773890447,0.03388479210828478,314.7714476585388
0.301645984551398,0.034454546417844914,314.8713071346283
0.3000583752308168,0.03150300450230899,314.9715838432312
0.30080845284900903,0.025765969898355622,315.07152938842773
0.30027111440896037,0.0076717266494310205,315.1712670326233
0.300303937938433,0.0,315.27130460739136
0.3008962041872566,0.0,315.37203645706177
0.30077829561074587,0.035369224395406865,315.472238779068
0.30052134111920026,0.02886500027716944,315.5714101791382
0.29910989656899123,0.03882248471245954,315.671523809433
0.2941201880143095,0.02632604680563273,315.7715218067169
0.2892977111900127,0.01786703192874003,315.87126755714417
0.2849433979938857,0.02456150807832414,315.97134828567505
0.2792442028011157,0.017665375475036462,316.07138562202454
0.2743788622686363,0.02015209525431457,316.17142057418823
0.2695742578037238,0.01285002239440616,316.2731111049652
0.26541761422151566,0.0,316.3758616447449
0.4234436759024816,0.0,316.47415494918823
0.41125265345946743,0.0,316.5754976272583
0.4015871214711438,0.0,316.67148756980896
0.3920386906667983,0.0,316.77566599845886
0.3836883468418545,0.0,316.87309074401855
0.37176007348617013,0.0,316.9738426208496
0.3627004065092849,-0.012168501023399194,317.07161116600037
0.3523006450852356,-0.02645439239905068,317.1754925251007
0.3430984206306263,-0.01340553960517834,317.27427554130554
0.3311958652953473,-0.026551081843085977,317.3727569580078
0.3207432694657439,-0.024977234236307832,317.4708819389343
0.3101966256294784,-0.022328802894212692,317.5708465576172
0.3007209386996135,-0.032542623128545896,317.6707649230957
0.2923638744225572,-0.0313347797056562,317.7707169055939
0.2788566960795785,0.0,317.8707902431488
0.26870291627523807,0.0,317.9706389904022
0.2592716636705949,0.0,318.07074069976807
0.25162189062857515,0.0,318.1705672740936
0.24010702250034263,0.0,318.27060413360596
0.23271363454560154,0.0,318.3706614971161
0.22465710307443523,0.0,318.4705584049225
0.2179283308707317,0.0,318.57057881355286
0.21100955465692614,0.0,318.6704993247986
0.20057548513824786,-0.040148761633195376,318.7704861164093
0.19305459482363926,-0.042138189587153874,318.8705494403839
0.1864260004884957,-0.04826847514823863,318.9705092906952
0.18087047249112823,-0.039477515514743954,319.070604801178
0.1721409852858572,0.0,319.17048025131226
0.1657250337831713,-0.046270610313666465,319.270583152771
0.15972008524784345,-0.03938496070668886,319.37054347991943
0.1549001391810962,-0.040403078790557996,319.47047305107117
0.1477010735216013,-0.04199434958006204,319.5707755088806
0.1422352481653242,-0.04323150731231035,319.67071866989136
0.13696477969778822,-0.0490949158997912,319.77179479599
0.1328102740397544,-0.05454003675595709,319.8721008300781
0.1285556934701666,-0.050020836803473905,319.9725761413574
0.1111699460161093,-0.052275662790787825,320.0731534957886
0.10887755517379463,-0.053861656706584105,320.17062878608704
0.10689581260032327,-0.04906863860393823,320.27116441726685
0.1,-0.04774661130811036,320.37196922302246
0.1,-0.04588076240922274,320.47084951400757
0.1,-0.058378403555405745,320.5719256401062
0.1,-0.02215979479645426,320.6705741882324
0.1,0.0,320.7706620693207
0.1,-0.017500302273976167,320.8710753917694
0.1,-0.013889771405803523,320.97128796577454
0.1,-0.011907235238897166,321.07283186912537
0.1,-0.008846538592326,321.17306900024414
0.1,-0.025640815045488496,321.27069997787476
0.1,0.05564162191983901,321.3705885410309
0.1,0.0,321.47165846824646
0.1,0.0,321.5735328197479
0.1,0.0,321.6723082065582
0.0,-0.0,321.77150201797485
0.0,-0.0,321.87066650390625
0.0,-0.0,321.97082257270813
0.0,-0.0,322.07064390182495
0.0,-0.0,322.1704967021942
0.0,-0.0,322.2705817222595
0.0,0.4,322.37073707580566
0.0,0.4,322.4707543849945
0.0,0.4,322.5705795288086
0.0,0.4316220925400336,322.67082929611206
0.0,0.42671449881570245,322.7705900669098
0.0,0.44654050741270745,322.8705322742462
0.0,0.5138971175336824,322.9708881378174
0.0,0.5443808315748426,323.07099866867065
0.0,0.5959529002746801,323.1711218357086
0.0,0.6727617279909874,323.2712068557739
0.0,0.7535983068104493,323.3712875843048
0.0,0.8196707879949869,323.4713156223297
0.0,0.8918387731410642,323.57159066200256
0.0,0.9430845400455885,323.6720726490021
0.0,0.994999760567171,323.7716829776764
0.0,0.9721631012449155,323.8720290660858
0.0,0.9700099162951696,323.9716567993164
0.0,1.0,324.07193207740784
0.0,1.0,324.17175364494324
0.0,0.9694225397447191,324.27172112464905
0.0,0.9396744536673347,324.3715922832489
0.0,0.959993773708963,324.4718141555786
0.0,0.9722931793209055,324.5718369483948
0.0,0.9679808710182907,324.6717710494995
0.0,1.0,324.7718152999878
0.0,0.9801129526744623,324.8715965747833
0.0,1.0,324.9718539714813
0.0,1.0,325.071795463562
0.0,1.0,325.17182326316833
0.0,1.0,325.2717730998993
0.0,1.0,325.3716402053833
0.0,0.9980827331727931,325.4717390537262
0.0,1.0,325.5718767642975
0.0,1.0,325.6717674732208
0.0,0.9368863707931565,325.7718460559845
0.0,0.8619126369619536,325.8716735839844
0.0,0.7941406307146259,325.9716565608978
0.0,0.6995239567541418,326.0719566345215
0.0,0.6228776850888909,326.1717221736908
0.0,0.5729607392420606,326.2718563079834
0.0,0.5577127391543837,326.37171959877014
0.0,0.5038180514996031,326.4716467857361
0.0,0.4340558157020373,326.5715184211731
0.0,0.4,326.67146730422974
0.0,0.4,326.77127981185913
0.0,0.4,326.8712134361267
0.0,0.4,326.97135853767395
0.0,0.0,327.0692205429077
0.0,0.0,327.16931414604187
0.0,0.0,327.26043725013733
0.39866016593296083,-0.0066528801855288205,327.36188864707947
0.4016627949662507,0.012008649659784192,327.4616525173187
0.28566135093569756,-0.05461178884694452,327.5617275238037
0.30104014579048666,-0.03916462855903728,327.66259360313416
0.30153689910265746,-0.053666256995577595,327.7623219490051
0.30135223537529865,-0.0687887506657525,327.86228346824646
0.30152886332374096,-0.04114698116716586,327.9620325565338
0.3005086367659503,0.0,328.06237173080444
0.3012548477495549,0.0,328.1620292663574
0.3006586766718704,0.0,328.2621982097626
0.30001838250683666,-0.0029819295594566628,328.3621518611908
0.3000079104536604,-0.06652272639698102,328.4624853134155
0.30099034197764896,-0.06574971658226689,328.5623309612274
0.3003823336962864,-0.06363942903515539,328.6621928215027
0.3000207871347288,-0.07214346951559969,328.7620828151703
0.3000830879171792,-0.06423545769954979,328.86181116104126
0.30088502733326095,-0.05920265383626284,328.9623854160309
0.30158669556914075,-0.07279793692654685,329.06229043006897
0.30096511741739695,-0.07184832221583315,329.1619710922241
0.30025229020025446,0.0,329.2622389793396
0.30067082727903216,0.0,329.36216926574707
0.30006379521003634,-0.05162287740723081,329.4623601436615
0.301169221092357,-0.0524082635970492,329.56254410743713
0.3006096147654267,-0.06717983684257456,329.6620466709137
0.30062731501968765,-0.048375965576422826,329.7623538970947
0.3016424156227715,-0.030975034911381545,329.86207818984985
0.30077507022777716,-0.05803948601609782,329.962007522583
0.3001563373749976,-0.05557350955511392,330.0619478225708
0.30110182549679954,0.001567501182618912,330.1619987487793
0.30150496663423965,0.011687690901913154,330.262038230896
0.30090309976387786,-0.02455916114543611,330.3621973991394
0.30032066989171946,0.021838707457247555,330.461966753006
0.3013831541749179,0.03897422140366153,330.5621325969696
0.3013653330221612,0.0627036864036008,330.6626179218292
0.30072047275424907,0.06599505858397797,330.7620177268982
0.30106816565138783,0.045080078314793715,330.86196184158325
0.3006689496873486,0.0,330.96203875541687
0.3006280946901726,0.0,331.06223225593567
0.30136257704307334,0.0,331.16235733032227
0.3004119430096027,0.0,331.2621431350708
0.300659239496037,0.0,331.3627371788025
0.30067628345675923,0.0,331.4630961418152
0.3008770323450469,0.0,331.5622329711914
0.30019346439735883,0.0,331.6630218029022
0.3011979741584523,0.0,331.7624309062958
0.3006949958774171,0.0,331.86216163635254
0.3006577200113386,0.0,331.9621820449829
0.30156054627804385,0.0,332.0659430027008
0.30089825030955364,0.0,332.1662471294403
0.3015035703168575,0.0,332.2619876861572
0.30047536190078716,-0.025532865940936296,332.3619179725647
0.3010854504257504,0.0,332.46175241470337
0.3001224610712283,0.0,332.56188321113586
0.30108170346311525,-0.020004867095696276,332.6617166996002
0.3003630154833137,0.0,332.76193165779114
0.30040649855115187,-0.02394295953900406,332.8617308139801
0.30135895223250253,0.015416714377505216,332.96549439430237
0.3006643786118569,0.00980847144107285,333.06450748443604
0.3000981130850138,0.014455080512715015,333.1662480831146
0.30145917063235694,0.015803572270823157,333.2621715068817
0.3004931862467498,0.017794384170127544,333.36230754852295
0.30106586291663495,0.0,333.4623341560364
0.3011188820883022,-0.025783570993103477,333.56573843955994
0.3010314987567969,-0.025656385391362405,333.66560196876526
0.30053711655181214,0.0,333.76220774650574
0.30148206138894995,0.0,333.8621230125427
0.3008193917010147,0.006205210913168745,333.96229314804077
0.3002138818900566,0.0,334.06206798553467
0.3001953409620798,0.0,334.1621882915497
0.30116585022436115,0.0,334.26239228248596
0.30049467833121124,0.0,334.3620445728302
0.3001381773292048,0.0,334.4642159938812
0.3000901192040034,0.0,334.56483340263367
0.30050716439865777,0.0,334.6621811389923
0.30150198788626803,0.0,334.76205253601074
0.3007743715387816,0.0,334.8621823787689
0.3016397543394047,0.0,334.9641008377075
0.3000054416689846,0.0,335.0618031024933
0.30083312532054984,0.0,335.16180777549744
0.3006674765724625,0.0,335.265585899353
0.30129535756378956,0.0,335.36601853370667
0.300853301890046,-0.00407185360397163,335.4626085758209
0.3011566237551959,0.0,335.56574869155884
0.30002015351476896,0.0,335.66220140457153
0.3000221412740155,0.0,335.7652180194855
0.3001541033906906,-0.0187482159388693,335.8667163848877
0.3006739398089018,-0.01591091977040234,335.96242785453796
0.3001087023646174,-0.012729393565831217,336.0622217655182
0.30014902871629767,0.0,336.1620512008667
0.30012912878827425,0.0,336.2623269557953
0.3002462392560914,0.0,336.3622121810913
0.3001968497955476,-0.01259266636089276,336.4626786708832
0.3002753440318159,-0.011898619021092982,336.5639259815216
0.3006707164312926,-0.017238175947415193,336.66906094551086
0.300557703280132,0.0,336.76524448394775
0.30028692182495753,0.0,336.862331867218
0.3003052927250902,-0.016707555405599508,336.9623005390167
0.30080961046685184,-0.012176473057632779,337.0622911453247
0.30042709730976713,-0.01316015100792836,337.16223192214966
0.30094568387827825,0.0,337.26213932037354
0.30097460314209346,0.0,337.3620584011078
0.30035408770705574,-0.021240565474880357,337.4623804092407
0.3011796633256125,-0.018438973013115558,337.56197714805603
0.3012203357126242,-0.010414875534019952,337.66222047805786
0.3006994416359484,-0.01233084364549111,337.7642922401428
0.3003316657755972,-0.017479940797937545,337.86594557762146
0.30038546471405647,-0.09797587951547218,337.9624800682068
0.3009122300997912,-0.11118820835100975,338.06237173080444
0.30017193737858094,-0.09384107832845885,338.16215777397156
0.30023664061586885,-0.09234879871732309,338.26234912872314
0.3013464428231024,-0.13365006689962586,338.3622033596039
0.3010630499919644,-0.15473921287216635,338.4641070365906
0.30135167244137484,-0.15456228856193388,338.563113451004
0.30048584160666847,-0.13088381906089025,338.66232681274414
0.30105545469832384,-0.23641247004270557,338.764363527298
0.30128377367525294,-0.20535834388513313,338.8653738498688
0.3003878783308789,-0.19919576558627577,338.9643590450287
0.30134898344045047,-0.22878491015810715,339.06513690948486
0.3008894532875027,-0.24667217002103203,339.1647424697876
0.3006253936913671,-0.26065683811902995,339.26455187797546
0.30125917933714985,-0.29312544763088233,339.36544847488403
0.30099557513479236,-0.29832864254713065,339.4624526500702
0.3007804987739776,-0.2919618457555771,339.56232738494873
0.3008621985514319,-0.30684347152709956,339.6624643802643
0.30034506919511894,-0.3055041551589966,339.7622673511505
0.30077647868290325,-0.2963455066084862,339.8629906177521
0.3007223027366194,-0.32463156878948213,339.96225666999817
0.3010762424044442,-0.3156642436981202,340.0622835159302
0.1,-0.1749152416461392,340.16351294517517
0.1,-0.23405072900809734,340.2624099254608
0.1,-0.24741096857346984,340.3647081851959
0.30103002296327186,-0.3697016805410385,340.4641025066376
0.300958480352848,-0.39577807188034053,340.5644609928131
0.3012376432373586,-0.4420410364866256,340.6652629375458
0.3016296536948677,-0.41272826194763185,340.76340079307556
0.30026850345001066,-0.38394795060157777,340.8623118400574
0.1,-0.19036855227068844,340.96338295936584
0.1,-0.2066185992015035,341.0625731945038
0.3008740680201164,-0.36992376462409365,341.1623764038086
0.30131304525970415,-0.406718772649765,341.2622308731079
0.30086421989042955,-0.4456103414297104,341.36232566833496
0.3008770381919015,-0.4008722722530365,341.4624590873718
0.3006308631467477,-0.37196260392665864,341.5624613761902
0.30067083369995107,-0.37622071504592897,341.66254234313965
0.3006504660865541,-0.351557058095932,341.7644872665405
0.30074257872536303,-0.3634458601474762,341.8668968677521
0.1,-0.33355875015258785,341.96261835098267
0.1,-0.30694453763334373,342.06233644485474
0.3003501068662746,-0.44030265212059017,342.16370582580566
0.3011286609474131,-0.45715473294258113,342.26240730285645
0.3001133302469,-0.47302822188327187,342.36253690719604
0.3001988357293237,-0.4340303510427475,342.4629271030426
0.300120411100255,-0.4381415665149689,342.56488394737244
0.30047788221319327,-0.3988632827997207,342.66395831108093
0.30005295965698275,-0.3893911808729172,342.76355171203613
0.1,-0.3652107983827591,342.86492562294006
0.3007110026322015,-0.37584045231342317,342.9654426574707
0.3004436265629473,-0.37995947599411006,343.06284070014954
0.3004292533308828,-0.3984907984733582,343.16225814819336
0.30152150389964494,-0.38142223358154304,343.2622969150543
0.30123155147704883,-0.3706618219614029,343.3625855445862
0.30070745578322067,-0.36082051396369935,343.46413230895996
0.30040230031826,-0.3626270115375519,343.5640285015106
0.30103292959138406,-0.321653787791729,343.66460704803467
0.30035247606057114,-0.3330951154232025,343.76235485076904
0.30144886854760244,-0.32737691402435304,343.8625888824463
0.3013031765562135,-0.34427769184112544,343.96242690086365
0.300135962554275,-0.33861487805843354,344.06268095970154
0.30058578446676376,-0.32523049116134645,344.1624255180359
0.30147946420474103,-0.32615036964416505,344.26232147216797
0.30061456942451137,-0.33602587580680854,344.36232566833496
0.3013140786110371,-0.33069996237754823,344.4626655578613
0.300813251755496,-0.3283087134361267,344.56240487098694
0.30156403159478173,-0.3309798061847687,344.6623809337616
0.3008487813630134,-0.34359696209430696,344.7623734474182
0.3003754308786112,-0.3401272714138031,344.86233282089233
0.3006252801785968,-0.3288391053676605,344.9624412059784
0.30095690437208233,-0.3283081769943238,345.0623097419739
0.300143097998799,-0.3104741618037224,345.1622517108917
0.30084850417314135,-0.3304235607385636,345.2622456550598
0.30153476561406656,-0.3138107404112816,345.36223793029785
0.30004956184554854,-0.3188297718763351,345.46234035491943
0.30047551878857304,-0.33240531086921693,345.56232357025146
0.3011846903746638,-0.33705776631832124,345.6622929573059
0.3002925736860059,-0.3220832243561745,345.7623999118805
0.3003427648764587,-0.34128965139389045,345.862411737442
0.30047041898089,-0.3277797073125839,345.9624354839325
0.30113394957026074,-0.32696780264377595,346.06234073638916
0.30007218214812603,-0.3164520233869553,346.1624562740326
0.30041253927898826,-0.30260107368230826,346.2620394229889
0.3013798455554766,-0.29898704008052224,346.3625981807709
0.3001850742860951,-0.31592361330986024,346.4641363620758
0.30077390012232197,-0.3190693899989128,346.56223702430725
0.30120518455721956,-0.3252388209104538,346.6621835231781
0.301014793294348,-0.3200684905052185,346.76226139068604
0.30107896883257845,-0.33028648495674134,346.862585067749
0.3015392356842618,-0.3373101621866227,346.96244406700134
0.3003681507917382,-0.33751509785652156,347.0623576641083
0.30011495326390447,-0.3049739941954613,347.1622111797333
0.30140330465113296,-0.2892359958667504,347.26230478286743
0.30012474389555976,-0.3018205508589745,347.36277890205383
0.3004812238143274,-0.3177136227488518,347.46232199668884
0.30040756832816573,-0.3003346145153046,347.56236815452576
0.30007430663461454,-0.31911946535110475,347.66230964660645
0.3000988979861666,-0.3081855818629265,347.76360177993774
0.3004325547222323,-0.326355841755867,347.8631839752197
0.30048133195636884,-0.32790447473526,347.96220302581787
0.3000897386569824,-0.3179110780358314,348.0623013973236
0.3001296129953236,-0.31594422161579133,348.1621537208557
0.30038040137879696,-0.3268181800842286,348.262229681015
0.300603719615417,-0.3468007564544678,348.36353945732117
0.3002374921488764,-0.3386937201023102,348.4624457359314
0.30123826663362874,-0.3234935522079468,348.56220626831055
0.30128547936403394,-0.33596981763839723,348.66215682029724
0.3014994816247375,-0.32068526446819307,348.762423992157
0.1,-0.3365982592105865,348.86348509788513
0.1,-0.3361534148454666,348.96224427223206
0.30057351425898315,-0.3879227161407471,349.0623211860657
0.30145286288523065,-0.45186079740524293,349.16232228279114
0.30127246854642775,-0.42337592855880135,349.2622332572937
0.3013685632270606,-0.42275362908840175,349.3622181415558
0.30123545101322713,-0.3845954656600953,349.4621775150299
0.3001008449300282,-0.3819860339164734,349.5622525215149
0.3004675032701507,-0.3654366701841355,349.6621506214142
0.1,-0.34556519404837954,349.7621464729309
0.1,-0.3260519474744797,349.8622570037842
0.1,-0.41311247348785407,349.96232080459595
0.3002777610866265,-0.4691440284252167,350.06248784065247
0.3014787707108564,-0.4408235170339282,350.16272044181824
0.3014159189014243,-0.4934436798095703,350.2623462677002
0.3003176410694832,-0.37041803974854315,350.3624339103699
0.3010340827660941,-0.3433229957756243,350.46246242523193
0.3000061800754865,-0.33907616765875565,350.56247091293335
0.1,-0.37689090967178346,350.6622440814972
0.1,-0.3200104625601518,350.7622354030609
0.1,-0.38387178511996023,350.86234736442566
0.1,-0.41717124330370053,350.9624903202057
0.1,-0.4217833506433588,351.06251072883606
0.1,-0.44757536179140994,351.1624686717987
0.1,-0.4484501007356142,351.2624845504761
0.1,-0.4485072553157806,351.362455368042
0.1,-0.4516089524093427,351.462539434433
0.1,-0.4599815688635174,351.56243801116943
0.1,-0.3303081917135338,351.6624948978424
0.1,-0.31573017961100525,351.7624497413635
0.1,-0.2963554539178547,351.8625328540802
0.1,-0.4257256143971493,351.96238350868225
0.1,-0.31825602431046335,352.0624372959137
0.1,-0.32027712527074303,352.1623034477234
0.1,-0.3229910267026803,352.2623236179352
0.1,-0.2163743759456436,352.362420797348
0.1,-0.16066062481779778,352.46221685409546
0.1,-0.14371022770279318,352.5623815059662
0.1,-0.11726605264764069,352.6622350215912
0.1,0.0,352.76214027404785
0.1,0.0,352.8621792793274
0.1,0.0,352.9622964859009
0.1,-0.07245134601467526,353.06221747398376
0.1,0.08542063251922008,353.1621916294098
0.1,0.0508773286875926,353.2621636390686
0.1,0.031203293780747224,353.3622317314148
0.1,0.011947742241777885,353.46241521835327
0.1,0.02316540996298978,353.5624330043793
0.1,0.031659531946245004,353.6621859073639
0.1,0.0,353.76227593421936
0.1,0.1567698494641502,353.862505197525
0.1,0.14598435232121693,353.9622006416321
0.1,0.12064061184462746,354.062228679657
0.1,0.25186297462174767,354.16207814216614
0.1,0.24401666004406783,354.26227355003357
0.1,0.22849657064989992,354.3623311519623
0.1,0.2180966982716008,354.46229791641235
0.1,0.1819939534915121,354.56232500076294
0.1,0.16402368388677893,354.66234064102173
0.1,0.29096955406038394,354.7621285915375
0.1,0.26472623426663244,354.8622250556946
0.1,0.21659399992541267,354.96223044395447
0.29971716552972794,0.3802613827743029,355.06226348876953
0.30021861806716055,0.4078800442971683,355.16227984428406
0.30068453169228615,0.40416354286043277,355.26233434677124
0.30083920821414256,0.3666647139348483,355.36224150657654
0.3011331510671572,0.36248452381083845,355.46214962005615
0.30037166857514286,0.3534333172597383,355.56227254867554
0.3015318603108711,0.31622155638117544,355.6622326374054
0.1,0.2375859773472736,355.76203751564026
0.1,0.28406740889737475,355.86202359199524
0.1,0.30508108782140836,355.96201181411743
0.3001299141315935,0.37115798310229653,356.0621819496155
0.30034806486948185,0.40186875195879695,356.1622862815857
0.3007050191447703,0.3897738463000248,356.26212430000305
0.3010568852232105,0.3911347451962923,356.36223435401917
0.30007816886007554,0.33773331971544973,356.46226048469543
0.3014154368938117,0.3337351770777452,356.5620572566986
0.3009028259163049,0.3372094842948412,356.662184715271
0.3003845731366236,0.3248053433079469,356.7621109485626
0.30076829838299823,0.2944347474135851,356.8621940612793
0.3014355526767152,0.3246884138960588,356.962322473526
0.30049888185689166,0.3217647166628588,357.0623149871826
0.3014025203661065,0.28288550839612364,357.1656563282013
0.3009052678246824,0.28276889935920113,357.26221323013306
0.30107895444313737,0.2878577278632866,357.36229395866394
0.3002296824633869,0.29062261597106326,357.46230959892273
0.3010210224072869,0.2724352243699526,357.5621745586395
0.30130393644924347,0.2895414324183213,357.66219663619995
0.3000970400221924,0.27862333388705013,357.7622535228729
0.3006659515258364,0.2756560805596804,357.8620226383209
0.3011866590065787,0.28622968659589165,357.9622428417206
0.30042005048454934,0.28528564588019717,358.0621259212494
0.30051044608979716,0.2760934548158394,358.1621606349945
0.30062740261478293,0.2884787412066209,358.26217436790466
0.301361318610487,0.29259531827349416,358.36206316947937
0.3004173982921786,0.288104006804918,358.46224570274353
0.3006938945136729,0.25143485398668985,358.5621585845947
0.3007340431124692,0.2834254072684991,358.6621744632721
0.3013187963338706,0.2924694360871064,358.76222586631775
0.30016180264419323,0.2784610229887461,358.86224603652954
0.30068030918202915,0.2881151379723298,358.9622094631195
0.30061449344899616,0.27183469549605715,359.0619766712189
0.3007149970052485,0.2739868031520592,359.1621341705322
0.3012466954922187,0.27592573942322485,359.26213002204895
0.3002557553577876,0.2847360137261843,359.3620319366455
0.301086422548551,0.2912870140452134,359.4621503353119
0.30006921464943026,0.2775338801898454,359.562335729599
0.30022145315564897,0.26308021576781027,359.6621923446655
0.3004400490528447,0.2718001042541705,359.76211190223694
0.3002703130299028,0.25974175216336004,359.8621451854706
0.30120730619838765,0.2610571996946084,359.9622983932495
0.30102952540480277,0.257857664243171,360.06232237815857
0.3011902366639314,0.2936715500135172,360.16238284111023
0.301261823922205,0.2810610371984934,360.2622344493866
0.30088665407291093,0.24227084846873034,360.3622326850891
0.3007150229748812,0.2792922274846779,360.46220111846924
0.301141378713188,0.2803398685235727,360.5623109340668
0.30139386941676694,0.2788932041902291,360.66213870048523
0.30004460339811234,0.263057171122024,360.76227855682373
0.3012033821695983,0.25580288814870933,360.862046957016
0.3000284186401905,0.20077614266621435,360.9622678756714
0.3004931330952676,0.24636721211044413,361.06216979026794
0.3008805465953227,0.2558102046188556,361.16214776039124
0.3006099563966421,0.23176892729181994,361.2622039318085
0.3004892313652293,0.22386550503341776,361.3622443675995
0.3009591039325755,0.22308281409113026,361.46231269836426
0.30011667635814787,0.21052084180869554,361.5623757839203
0.3005815463042323,0.18987928111302227,361.6622624397278
0.30068595436022505,0.245218010403608,361.7621579170227
0.3000272619883416,0.23217914135832535,361.86222195625305
0.3007072972286112,0.22867644923297983,361.96244764328003
0.300141044131361,0.20877479824580641,362.06234645843506
0.3008279230522576,0.24769253911156405,362.162193775177
0.3001275839218963,0.1939025900081584,362.2622926235199
0.30135592538618117,0.2378703940071558,362.3622336387634
0.3012931810658718,0.22201122688619712,362.46220803260803
0.3003979625688481,0.27274497763106703,362.56203389167786
0.30128638229949534,0.21040913807718375,362.66198110580444
0.3009362385237603,0.26850573138186806,362.76199650764465
0.3006201577146078,0.27408477828690875,362.8619170188904
0.3004001646113912,0.24758534760851608,362.96223640441895
0.3013766668774004,0.28898523167559975,363.0620722770691
0.3006845245439834,0.2886987717528092,363.1621239185333
0.3002118083506311,0.22706166999904737,363.26215291023254
0.3003063019377311,0.261311254219005,363.36222529411316
0.30128617880191333,0.287948773958181,363.4622094631195
0.3006794075548871,0.2566304046072458,363.5621557235718
0.300411707670696,0.2831359298605668,363.6622140407562
0.3003963361826235,0.3040560425896394,363.7622754573822
0.30000017935457524,0.27381344766993276,363.8623023033142
0.30103014968533026,0.24063717918960673,363.96204137802124
0.30088606236525994,0.25256105394739853,364.0622375011444
0.300742911336208,0.2811264681972956,364.1621024608612
0.3007863512322243,0.29261332169959425,364.26216435432434
0.30016628050690286,0.2979300038594949,364.3621325492859
0.301453891844758,0.29203897879311913,364.46222138404846
0.3013247171775775,0.30952931360194563,364.56240725517273
0.300098154573224,0.30271183119008416,364.6620624065399
0.30020255626773973,0.2692710046705447,364.76221561431885
0.3012285950363641,0.29571463332364445,364.86230754852295
0.1,0.2308245782789431,364.96241760253906
0.30086705405452074,0.276558822707126,365.062304019928
0.30132833926999736,0.32623837307879805,365.16226840019226
0.30111793764209316,0.35303389445731526,365.2621865272522
0.1,0.25461839202203246,365.3621666431427
0.1,0.22262110804256638,365.4622025489807
0.30021139710624334,0.3445100549020266,365.56207752227783
0.3002949063747118,0.3484097781934236,365.6622722148895
0.30053258231044977,0.388201570824573,365.76221990585327
0.3007593782751611,0.3824105502743471,365.8622691631317
0.301536617504504,0.33812361375281696,365.9622209072113
0.1,0.28497287976114377,366.0622327327728
0.1,0.2503737785314259,366.1620726585388
0.30066679175000866,0.36477675453612685,366.2621383666992
0.30093716902476675,0.3659413072623706,366.36204290390015
0.30032604069022084,0.412177631415819,366.4622139930725
0.3000609526721305,0.36189057842681294,366.5624461174011
0.30155739687757965,0.3796946944374788,366.6620423793793
0.30032390365288475,0.3346301259178865,366.7621521949768
0.1,0.24462313730465735,366.86193799972534
0.1,0.28393699573843106,366.96192741394043
0.1,0.32663722399033995,367.06214356422424
0.3012978582711132,0.3903377743143785,367.1621973514557
0.3008718258082578,0.44853467658946394,367.26201343536377
0.3008107761256862,0.459007221146634,367.3622717857361
0.30061670618935654,0.45585493163058644,367.46230697631836
0.30031725129184816,0.368348694161365,367.5622248649597
0.30003330210153034,0.35984314115423915,367.6620047092438
0.3012928133601521,0.3365538509268511,367.7621648311615
0.3002884642542478,0.3306551666636217,367.8621275424957
0.301408795550528,0.31603618875930195,367.96206498146057
0.3008490041498936,0.3274782539982546,368.0620241165161
0.3001428650779585,0.30008116529176115,368.1620657444
0.1,0.2061457313989338,368.26181173324585
0.30135562213595146,0.3201702626127947,368.3619632720947
0.30069906166602034,0.31961401716658944,368.4619643688202
0.3003120036348387,0.37354786113688826,368.56222891807556
0.3011922416759659,0.3281550349373567,368.66193556785583
0.1,0.3357283116955507,368.76197576522827
0.1,0.31166758552977913,368.8619647026062
0.3004753198155563,0.36598343566844344,368.96200919151306
0.30066094796629717,0.4208206001080966,369.06206369400024
0.30135077855626446,0.41564369829077485,369.16204380989075
0.30087625618414016,0.353439054206798,369.26195907592773
0.30030809661466573,0.3537048937458742,369.3618767261505
0.30111579787955467,0.29481956707803825,369.4620258808136
0.30159728646451234,0.29877220258901,369.5620365142822
0.3001113668596761,0.30818616763541573,369.66203212738037
0.3008502430155341,0.3023286478299845,369.76196813583374
0.30125571412126595,0.2987209770240282,369.86216831207275
0.3015413561749658,0.3082169087309587,369.96197962760925
0.1,0.24090404871263005,370.0619475841522
0.1,0.2588942504242847,370.16203784942627
0.1,0.2548644548968265,370.26203775405884
0.1,0.258278677808611,370.3622477054596
0.1,0.26276551892882904,370.4622571468353
0.3000153830954517,0.39393302217910176,370.56205129623413
0.3002139306962135,0.4367754252333392,370.6622669696808
0.3009533432286622,0.40560934292642703,370.7621395587921
0.301480240319169,0.38580068083185903,370.86209893226624
0.3002881326798271,0.18450881399606403,370.96201062202454
0.30076830677656186,0.13590943672155079,371.0619957447052
0.30131018814371524,0.137500451426757,371.1618936061859
0.30060987356810787,0.11206003419662773,371.2621626853943
0.3003316226359416,0.12128220459348273,371.3621127605438
0.3002686868149489,0.15424567241417733,371.4620158672333
0.3001977404821269,0.15195965919839707,371.5621998310089
0.30146567915947753,0.10552200353459304,371.66227650642395
0.30009973206069296,0.05940180875753098,371.7621250152588
0.3011164321805957,0.038461721982610844,371.86203360557556
0.30056904806819884,0.1787259501454077,371.9622275829315
0.3009536032606873,0.13341097314106787,372.06228017807007
0.3001421374049845,0.12101363633808335,372.1621220111847
0.3005506927564353,0.11796719824012952,372.2622027397156
0.30021496705274187,0.12462768946823317,372.36219453811646
0.30144782149847293,0.1207688028090878,372.4623191356659
0.3012403697675381,0.11357727144893845,372.5621039867401
0.3002251925076609,0.11319503431257445,372.6622064113617
0.3015330949797098,0.12182281409439284,372.7622995376587
0.30092417962019935,0.11611485351857383,372.86221504211426
0.30004627242600257,0.11342887078460892,372.9620575904846
0.3003924353533466,0.11003945638474662,373.0621566772461
0.3008521435136191,0.13569624129878843,373.16210293769836
0.3004935109545043,0.1410241365824875,373.2621784210205
0.30125380996266315,0.18461247788448085,373.3622407913208
0.3007916038990591,0.2377378547270047,373.4622938632965
0.3014822798999468,0.21998735117284876,373.56234550476074
0.30120317198038493,0.21005817847816569,373.6620478630066
0.3007001356168134,0.205390054458066,373.7622113227844
0.3014342843092278,0.21094431237954844,373.86217617988586
0.3015377435930514,0.19123614642180897,373.96221256256104
0.30120802161097415,0.17871531161822768,374.0621430873871
0.30104807056046623,0.182715640099425,374.1621289253235
0.3008378569971648,0.16925763119208181,374.2618451118469
0.30097942213350104,0.16184591000017365,374.362224817276
0.3015568468949502,0.16165837425934637,374.4621262550354
0.3013144452684029,0.14751255010303696,374.56202602386475
0.30075182636862485,0.14419699703392225,374.66193890571594
0.30121050575150166,0.13008329887923437,374.7620484828949
0.3007811848595914,0.11519525443252761,374.86192774772644
0.30141919127353534,0.09797454958683563,374.9621720314026
0.30092848277892337,0.07767740688041636,375.0620286464691
0.30071074075050186,0.06358645997549356,375.16228437423706
0.30076804702117454,0.0721034226448912,375.26207733154297
0.30130508590154936,0.05230326442734191,375.3620693683624
0.30059467404203744,0.05148399017359079,375.4622094631195
0.30103436152090923,0.05629395089651406,375.5627908706665
0.3000649030231479,0.04735190472320506,375.6620509624481
0.3000095251887457,0.0,375.7620515823364
0.300755077529825,0.028022913713204214,375.8621070384979
0.3000180982035068,0.0,375.96218252182007
0.29353172156159413,0.014571324005526933,376.06192088127136
0.2881489585780891,0.023409922185697055,376.1619713306427
0.2841273640706472,-0.037018465446798446,376.26201701164246
0.28029287958370974,0.0,376.36201000213623
0.27612275739130787,0.0,376.46297693252563
0.26953242738183336,0.0,376.5622980594635
0.2655364043517059,0.0,376.6621723175049
0.2616496752815588,0.0,376.76213002204895
0.25798121936841145,0.0,376.86203265190125
0.4037173179157335,-0.10611766266979669,376.9619915485382
0.3949436903211705,-0.11345675187675576,377.0620551109314
0.3866557815651419,-0.11023675148424346,377.16216135025024
0.37870290374213555,-0.10720115590252374,377.2621388435364
0.36424455442127934,-0.11600480281217881,377.36204385757446
0.353950873819434,-0.1272931440488288,377.46197390556335
0.3453150539587446,-0.11252240244495237,377.5618484020233
0.3371340656559694,-0.1313475936063026,377.6620264053345
0.32826644544652267,-0.11878880825089778,377.7620801925659
0.31399066424495087,-0.12068769491620752,377.8618221282959
0.3041475611954438,-0.1419609828607032,377.9618842601776
0.29535295442882065,-0.1303620763515171,378.0617444515228
0.28757422948110356,-0.12887403894411886,378.16183638572693
0.2737903267103536,-0.13461268473612634,378.2617769241333
0.26539275289771663,-0.1335061766599354,378.3618416786194
0.25725622627361044,-0.1459941785586507,378.46173119544983
0.25010643717328196,-0.14935495665198872,378.56178855895996
0.23879411426147826,-0.13818762412196708,378.66166281700134
0.22951986003691174,-0.1455020304573209,378.7617471218109
0.22252383754506,-0.13712367093876782,378.8617115020752
0.21566640017677285,-0.1365358545591956,378.9616959095001
0.2093062772283423,-0.13640029869581516,379.06176018714905
0.19832977117629583,-0.11391094930862117,379.1616940498352
0.191397393020597,-0.12203219391797711,379.2616288661957
0.1857225779523356,-0.12219958893562612,379.36206126213074
0.18036579451811996,-0.1191216544101112,379.4615972042084
0.17170979580471304,-0.11106571131630938,379.56167554855347
0.1654779366298028,-0.1095018447229736,379.6616041660309
0.1599351356597486,-0.08738884651347202,379.76166224479675
0.15491615959677332,-0.10102723397706678,379.8615758419037
0.14728370406734223,-0.0666214529620973,379.9615013599396
0.1418139258023332,-0.07288885438128516,380.06162762641907
0.13717842245048797,-0.05807786011382149,380.1615266799927
0.13288493363963008,-0.05929446541949318,380.2615125179291
0.12903463402179666,-0.05874900096341179,380.36158752441406
0.12201430281522543,0.0,380.461562871933
0.1175650002438289,-0.042781199750147325,380.5615601539612
0.11403753034938136,-0.0554539351871139,380.66150736808777
0.10519371491955587,0.0,380.7614161968231
0.1,-0.06117874152566256,380.86161518096924
0.1,-0.04705902330185235,380.96146941185
0.1,-0.04212218381856613,381.0614004135132
0.1,-0.04052559145187075,381.1614553928375
0.1,0.029008700149623985,381.2613568305969
0.1,0.041394325541822555,381.3613295555115
0.1,0.04776496121561841,381.46143984794617
0.1,0.05124862487795518,381.56197452545166
0.1,0.04095465740875194,381.66146421432495
0.1,0.04923604156723931,381.761332988739
0.1,0.06322850061482505,381.86145853996277
0.1,-0.024714649233378863,381.96137285232544
0.0,0.0,382.0623605251312
0.0,-0.0,382.1614649295807
0.0,-0.0,382.261465549469
0.0,-0.0,382.361426115036
0.0,-0.0,382.4613354206085
0.0,0.0,382.5614883899689
0.0,0.0,382.6614022254944
0.0,-0.4,382.7617087364197
0.0,-0.4,382.8618984222412
0.0,-0.4,382.96120166778564
0.0,-0.4,383.06128311157227
0.0,-0.4,383.16148948669434
0.0,-0.42643286563929816,383.26183009147644
0.0,-0.47297167579040655,383.3619394302368
0.0,-0.5377441321706171,383.4617621898651
0.0,-0.6171189892379103,383.5643503665924
0.0,-0.6613985465402163,383.66213965415955
0.0,-0.8017558598428953,383.76331186294556
0.0,-0.8138920710949067,383.86589550971985
0.0,-0.9196009287004105,383.9629006385803
0.0,-0.9537717726804094,384.06483602523804
0.0,-0.9803303540248791,384.16263699531555
0.0,-0.9910868493079115,384.26340436935425
0.0,-1.0,384.36453914642334
0.0,-1.0,384.4637887477875
0.0,-1.0,384.56936049461365
0.0,-1.0,384.66389656066895
0.0,-1.0,384.76612520217896
0.0,-0.9999420230293203,384.8665189743042
0.0,-0.9382728807989364,384.9643986225128
0.0,-0.9566567744898429,385.06865096092224
0.0,-0.96078232682087,385.1631097793579
0.0,-0.9829250085924075,385.26689743995667
0.0,-0.8809842238456564,385.3681800365448
0.0,-0.9828656688159976,385.46861839294434
0.0,-0.9635281135845086,385.56862449645996
0.0,-0.9936975390262512,385.66408944129944
0.0,-0.9767296145364053,385.7689914703369
0.0,-1.0,385.8623824119568
0.0,-0.974117319390734,385.962361574173
0.0,-0.9908251646628539,386.06256580352783
0.0,-0.8828456607888726,386.16238951683044
0.0,-0.7993429418245368,386.26251220703125
0.0,-0.7300162015676408,386.3621349334717
0.0,-0.6661203869760466,386.46248865127563
0.0,-0.585659508582075,386.56837916374207
0.0,-0.515982959038199,386.6639335155487
0.0,-0.45694721016011547,386.76349091529846
0.0,-0.4,386.86181902885437
0.0,-0.4,386.9618752002716
0.0,-0.4,387.0617995262146
0.0,-0.4,387.16200518608093
0.0,-0.4,387.2615792751312
0.0,-0.4,387.36160135269165
0.0,0.0,387.45990920066833
0.0,0.0,387.5599343776703
0.0,0.0,387.6451880931854
0.3913289332762361,0.0,387.7476637363434
0.41022328808903696,0.04808093207447156,387.84756541252136
0.2918681204319,0.0,387.9478831291199
0.30008447650360426,0.07647687824148884,388.0475881099701
0.30161597288173436,0.08511687787739858,388.1475477218628
0.3013412897946729,0.08253030538755028,388.24761295318604
0.3013195924843932,0.07946633744102559,388.34752678871155
0.3015948155047661,0.09303764677361434,388.44776940345764
0.3000070571528054,0.07562687581307008,388.54762744903564
0.30038928436811585,0.08546327015286996,388.64771795272827
0.301463669493781,0.09066875984794212,388.7475345134735
0.30022766030176873,0.07816277032620025,388.84758472442627
0.3002669721924327,0.08511960377034387,388.9479007720947
0.30051624292179147,0.0830637827319534,389.04748129844666
0.30161841153199553,0.07295997491792626,389.14754366874695
0.30069662140320563,0.0893149036718042,389.24772477149963
0.30086850714844326,0.0762817520452173,389.34764218330383
0.3010801849139697,0.08466796255425402,389.4477906227112
0.30014397792183567,0.07109406641439386,389.5475866794586
0.30151692271012087,0.06788133880809731,389.6475365161896
0.3006079201190912,0.06147446624542535,389.74753427505493
0.30017544150679354,0.061776329341687634,389.84749579429626
0.30065100512960063,0.06961652411049916,389.9476709365845
0.3001502506553766,0.058817714962520085,390.04771542549133
0.30088666778509565,0.06335479261255578,390.14753460884094
0.3010533312362559,0.07470033651119783,390.24768829345703
0.30123461355265424,0.06029512461176828,390.3476655483246
0.3004443443939707,0.06843272743648603,390.44775009155273
0.3016356978204906,0.05962329595104643,390.5476551055908
0.30012189259804534,0.06439642286614367,390.64771699905396
0.30029031761028435,0.06202139570132681,390.74777269363403
0.30089237808664526,0.0586782754840035,390.84778690338135
0.3003338023935044,0.06095485812739321,390.9479031562805
0.30081195560331364,0.047592209201110014,391.0477283000946
0.3010173407869896,0.0421789172546644,391.14777517318726
0.301348428260132,0.047915626827039204,391.24775862693787
0.30052967958619503,0.05881104855553099,391.3477268218994
0.30010314225824675,-0.0038111028408533624,391.4481198787689
0.3002131905556906,-0.019109727393247594,391.547997713089
0.3003211762310122,-0.011905268547860415,391.64788365364075
0.3009808716406519,0.0,391.7479238510132
0.30037075030143334,-0.011920184377384815,391.84768176078796
0.3004282720719095,0.0,391.94789242744446
0.3004024614696963,-0.012829399449554713,392.0476748943329
0.3007030905635093,0.0,392.14777517318726
0.30137416150285223,0.0,392.24773836135864
0.30029571954595047,0.0,392.3477747440338
0.3002767128615157,0.0,392.4476671218872
0.2952796520823917,0.0,392.54762148857117
0.29104598852659647,0.0,392.6476409435272
0.2853695100572987,0.0,392.74781918525696
0.28040336865174054,0.0,392.8478150367737
0.2749813930310967,0.0,392.9480164051056
0.27050721898276175,0.0,393.0479075908661
0.2663766291483989,0.0,393.1476390361786
0.26061421998509726,0.0,393.2478668689728
0.2559999001750043,0.0,393.3478238582611
0.40291640895988984,0.0,393.44782423973083
0.39559360129970267,0.0,393.54775309562683
0.3845646356412149,0.0,393.647803068161
0.3744191430754841,0.0,393.7474715709686
0.3640132788734668,0.0,393.8477818965912
0.3548773011660009,0.0,393.947548866272
0.346585947057447,0.0,394.04756236076355
0.33284824512275835,0.0,394.1476294994354
0.32246199107475426,0.0,394.24745416641235
0.3128605129894491,0.0,394.3476085662842
0.3044846042017186,0.0,394.44753670692444
0.29031046822905116,0.0,394.547575712204
0.2799538739557523,0.0,394.6476390361786
0.26970211800260446,0.0,394.7472622394562
0.2613424242805414,0.0,394.8475272655487
0.2500736638392806,0.0,394.9473497867584
0.24075005037753783,0.0,395.0473771095276
0.23171837579692856,0.0,395.1471962928772
0.224141076007318,0.0,395.24729108810425
0.2174384010466938,0.0,395.34725165367126
0.2068497263922213,0.0,395.447208404541
0.199072827248204,0.0,395.54712748527527
0.192055460072885,0.0,395.64717626571655
0.18577180974838,0.0,395.7471618652344
0.1774230579289138,0.0,395.84725522994995
0.17075914808813855,0.0,395.9470624923706
0.16432804798180414,0.0,396.0471615791321
0.15906722092942774,0.0,396.14716148376465
0.14844951697263511,0.0,396.2470734119415
0.14269562390956883,0.0,396.3472046852112
0.1371960723407872,0.0,396.4470591545105
0.1324684494815066,0.0,396.5471317768097
0.1280286535623188,0.0,396.646986246109
0.11102628099205122,0.0,396.7470452785492
0.10875717754790523,0.0,396.846884727478
0.10660752736992571,0.0,396.9473867416382
0.1,0.0,397.0470275878906
0.1,0.0,397.1470355987549
0.1,0.0,397.24697947502136
0.1,0.0,397.3470301628113
0.1,0.0,397.4472756385803
0.1,0.0,397.54702138900757
0.1,0.0,397.6471121311188
0.1,0.0,397.7469205856323
0.1,0.0,397.8470823764801
0.1,-0.14022574686004144,397.9470636844635
0.1,0.0,398.0469560623169
0.1,0.0,398.14704513549805
0.1,0.0,398.24700927734375
0.0,0.0,398.3455774784088
0.0,0.0,398.4455232620239
